8  S    
Li   Cl   
1      1      0.000000000000000      0.000000000000000      0.000000000000000
2      1      0.000000000000000      2.061099200000000      2.061099200000000
3      1      2.061099200000000      0.000000000000000      2.061099200000000
4      1      2.061099200000000      2.061099200000000      0.000000000000000
5      2      2.061099200000000      0.000000000000000      0.000000000000000
6      2      2.061099200000000      2.061099200000000      2.061099200000000
7      2      0.000000000000000      0.000000000000000      2.061099200000000
8      2      0.000000000000000      2.061099200000000      0.000000000000000
     0.000000000000000      0.000000000000000      0.000000000000000 
     4.122198400000000      0.000000000000000      0.000000000000000 
     0.000000000000000      4.122198400000000      0.000000000000000 
     0.000000000000000      0.000000000000000      4.122198400000000 
