 Fermi distribution function

Calculation with static geometry


********************************************************************************
 iSCC Total electronic   Diff electronic      SCC error    
   21   -0.75093079E+02   -0.28421709E-13    0.27737812E-10
********************************************************************************

 Total charge:    -0.00000016

 Atomic gross charges (e)
 Atom           Charge
    1      -0.07890733
    2      -0.04542329
    3      -0.02140959
    4      -0.02602920
    5      -0.04286885
    6      -0.05234833
    7      -0.01831511
    8      -0.01115654
    9      -0.07006215
   10       0.01997080
   11      -0.04234266
   12      -0.04501708
   13      -0.09792320
   14      -0.03119158
   15       0.01102300
   16       0.01644954
   17      -0.00890252
   18      -0.05689481
   19      -0.06966611
   20      -0.01798664
   21       0.37779497
   22       0.38242266
   23       0.38445286
   24       0.37986081
   25      -0.01937364
   26      -0.00114280
   27       0.02829568
   28      -0.03603182
   29      -0.02709312
   30      -0.04301897
   31       0.01631509
   32      -0.04993046
   33      -0.01028617
   34      -0.06991397
   35      -0.07515208
   36      -0.01123275
   37      -0.06632828
   38      -0.07993806
   39      -0.07425069
   40      -0.00058352
   41      -0.03090334
   42      -0.04675713
   43      -0.03688409
   44      -0.03679043
   45      -0.04034063
   46      -0.04771946
   47      -0.03077724
   48      -0.04569197

Nr. of electrons (up):    192.00000016
Atom populations (up)
 Atom       Population
    1       1.07890733
    2       1.04542329
    3       1.02140959
    4       1.02602920
    5       1.04286885
    6       1.05234833
    7       1.01831511
    8       1.01115654
    9       1.07006215
   10       0.98002920
   11       1.04234266
   12       1.04501708
   13       1.09792320
   14       1.03119158
   15       0.98897700
   16       0.98355046
   17       1.00890252
   18       1.05689481
   19       1.06966611
   20       1.01798664
   21       4.62220503
   22       4.61757734
   23       4.61554714
   24       4.62013919
   25       6.01937364
   26       6.00114280
   27       5.97170432
   28       6.03603182
   29       6.02709312
   30       6.04301897
   31       5.98368491
   32       6.04993046
   33       6.01028617
   34       6.06991397
   35       6.07515208
   36       6.01123275
   37       6.06632828
   38       6.07993806
   39       6.07425069
   40       6.00058352
   41       7.03090334
   42       7.04675713
   43       7.03688409
   44       7.03679043
   45       7.04034063
   46       7.04771946
   47       7.03077724
   48       7.04569197

l-shell populations (up)
 Atom Sh.   l       Population
    1   1   0       0.41519373
    1   2   1       0.66371360
    2   1   0       0.40294609
    2   2   1       0.64247720
    3   1   0       0.39225023
    3   2   1       0.62915936
    4   1   0       0.40198417
    4   2   1       0.62404502
    5   1   0       0.40553778
    5   2   1       0.63733107
    6   1   0       0.40753032
    6   2   1       0.64481802
    7   1   0       0.40112940
    7   2   1       0.61718571
    8   1   0       0.38316516
    8   2   1       0.62799138
    9   1   0       0.43183581
    9   2   1       0.63822634
   10   1   0       0.38480383
   10   2   1       0.59522537
   11   1   0       0.43595897
   11   2   1       0.60638369
   12   1   0       0.39839675
   12   2   1       0.64662033
   13   1   0       0.45448984
   13   2   1       0.64343336
   14   1   0       0.38809736
   14   2   1       0.64309422
   15   1   0       0.39487387
   15   2   1       0.59410314
   16   1   0       0.37734964
   16   2   1       0.60620082
   17   1   0       0.40597421
   17   2   1       0.60292831
   18   1   0       0.42182829
   18   2   1       0.63506652
   19   1   0       0.42737956
   19   2   1       0.64228655
   20   1   0       0.39516621
   20   2   1       0.62282043
   21   1   0       1.41587566
   21   2   1       2.76330365
   21   3   2       0.44302573
   22   1   0       1.41289783
   22   2   1       2.75611006
   22   3   2       0.44856945
   23   1   0       1.41057747
   23   2   1       2.75033645
   23   3   2       0.45463321
   24   1   0       1.41691937
   24   2   1       2.75597115
   24   3   2       0.44724867
   25   1   0       1.81751966
   25   2   1       4.16306237
   25   3   2       0.03879160
   26   1   0       1.81725710
   26   2   1       4.13650291
   26   3   2       0.04738280
   27   1   0       1.81620149
   27   2   1       4.10992973
   27   3   2       0.04557309
   28   1   0       1.81391476
   28   2   1       4.18178892
   28   3   2       0.04032814
   29   1   0       1.81901772
   29   2   1       4.16228594
   29   3   2       0.04578946
   30   1   0       1.81168730
   30   2   1       4.19100618
   30   3   2       0.04032549
   31   1   0       1.81680046
   31   2   1       4.12124109
   31   3   2       0.04564336
   32   1   0       1.81391297
   32   2   1       4.18407132
   32   3   2       0.05194617
   33   1   0       1.81375145
   33   2   1       4.15047784
   33   3   2       0.04605687
   34   1   0       1.81281651
   34   2   1       4.21333945
   34   3   2       0.04375801
   35   1   0       1.80537241
   35   2   1       4.22996428
   35   3   2       0.03981539
   36   1   0       1.81680842
   36   2   1       4.14497837
   36   3   2       0.04944596
   37   1   0       1.82068566
   37   2   1       4.19525545
   37   3   2       0.05038717
   38   1   0       1.82523603
   38   2   1       4.20180096
   38   3   2       0.05290107
   39   1   0       1.82795089
   39   2   1       4.18581335
   39   3   2       0.06048645
   40   1   0       1.82276262
   40   2   1       4.13627333
   40   3   2       0.04154757
   41   1   0       1.93083338
   41   2   1       5.11877655
   41   3   2      -0.01870659
   42   1   0       1.93283912
   42   2   1       5.13625249
   42   3   2      -0.02233448
   43   1   0       1.93123560
   43   2   1       5.12340890
   43   3   2      -0.01776042
   44   1   0       1.93220644
   44   2   1       5.11200855
   44   3   2      -0.00742455
   45   1   0       1.93306077
   45   2   1       5.11202349
   45   3   2      -0.00474362
   46   1   0       1.93203743
   46   2   1       5.13281612
   46   3   2      -0.01713410
   47   1   0       1.93028843
   47   2   1       5.12829427
   47   3   2      -0.02780547
   48   1   0       1.93011608
   48   2   1       5.13018141
   48   3   2      -0.01460551

Orbital populations (up)
 Atom Sh.   l   m       Population  Label
    1   1   0   0       0.41519373  s
    1   2   1  -1       0.22043601  p_y
    1   2   1   0       0.21305762  p_z
    1   2   1   1       0.23021996  p_x
    2   1   0   0       0.40294609  s
    2   2   1  -1       0.18114419  p_y
    2   2   1   0       0.23877368  p_z
    2   2   1   1       0.22255932  p_x
    3   1   0   0       0.39225023  s
    3   2   1  -1       0.21468292  p_y
    3   2   1   0       0.20746588  p_z
    3   2   1   1       0.20701055  p_x
    4   1   0   0       0.40198417  s
    4   2   1  -1       0.22452237  p_y
    4   2   1   0       0.18232190  p_z
    4   2   1   1       0.21720075  p_x
    5   1   0   0       0.40553778  s
    5   2   1  -1       0.20515223  p_y
    5   2   1   0       0.20969957  p_z
    5   2   1   1       0.22247926  p_x
    6   1   0   0       0.40753032  s
    6   2   1  -1       0.20061824  p_y
    6   2   1   0       0.23546754  p_z
    6   2   1   1       0.20873223  p_x
    7   1   0   0       0.40112940  s
    7   2   1  -1       0.21726587  p_y
    7   2   1   0       0.23388021  p_z
    7   2   1   1       0.16603963  p_x
    8   1   0   0       0.38316516  s
    8   2   1  -1       0.18822615  p_y
    8   2   1   0       0.22014960  p_z
    8   2   1   1       0.21961563  p_x
    9   1   0   0       0.43183581  s
    9   2   1  -1       0.22307750  p_y
    9   2   1   0       0.19323606  p_z
    9   2   1   1       0.22191278  p_x
   10   1   0   0       0.38480383  s
   10   2   1  -1       0.20866440  p_y
   10   2   1   0       0.18832764  p_z
   10   2   1   1       0.19823334  p_x
   11   1   0   0       0.43595897  s
   11   2   1  -1       0.21260559  p_y
   11   2   1   0       0.19264980  p_z
   11   2   1   1       0.20112829  p_x
   12   1   0   0       0.39839675  s
   12   2   1  -1       0.22432488  p_y
   12   2   1   0       0.21256012  p_z
   12   2   1   1       0.20973534  p_x
   13   1   0   0       0.45448984  s
   13   2   1  -1       0.16770464  p_y
   13   2   1   0       0.22639988  p_z
   13   2   1   1       0.24932885  p_x
   14   1   0   0       0.38809736  s
   14   2   1  -1       0.19937953  p_y
   14   2   1   0       0.21927606  p_z
   14   2   1   1       0.22443863  p_x
   15   1   0   0       0.39487387  s
   15   2   1  -1       0.19890158  p_y
   15   2   1   0       0.20865569  p_z
   15   2   1   1       0.18654586  p_x
   16   1   0   0       0.37734964  s
   16   2   1  -1       0.20454576  p_y
   16   2   1   0       0.19837948  p_z
   16   2   1   1       0.20327558  p_x
   17   1   0   0       0.40597421  s
   17   2   1  -1       0.18105789  p_y
   17   2   1   0       0.22080781  p_z
   17   2   1   1       0.20106261  p_x
   18   1   0   0       0.42182829  s
   18   2   1  -1       0.22944079  p_y
   18   2   1   0       0.17509944  p_z
   18   2   1   1       0.23052630  p_x
   19   1   0   0       0.42737956  s
   19   2   1  -1       0.22975751  p_y
   19   2   1   0       0.19546646  p_z
   19   2   1   1       0.21706258  p_x
   20   1   0   0       0.39516621  s
   20   2   1  -1       0.23427873  p_y
   20   2   1   0       0.21172303  p_z
   20   2   1   1       0.17681867  p_x
   21   1   0   0       1.41587566  s
   21   2   1  -1       0.91710066  p_y
   21   2   1   0       0.93410901  p_z
   21   2   1   1       0.91209397  p_x
   21   3   2  -2       0.09907014  d_xy
   21   3   2  -1       0.08388327  d_yz
   21   3   2   0       0.08880969  d_z2
   21   3   2   1       0.08874820  d_xz
   21   3   2   2       0.08251444  d_x2-y2
   22   1   0   0       1.41289783  s
   22   2   1  -1       0.90986822  p_y
   22   2   1   0       0.91992760  p_z
   22   2   1   1       0.92631424  p_x
   22   3   2  -2       0.09274381  d_xy
   22   3   2  -1       0.09677221  d_yz
   22   3   2   0       0.08685952  d_z2
   22   3   2   1       0.08431694  d_xz
   22   3   2   2       0.08787696  d_x2-y2
   23   1   0   0       1.41057747  s
   23   2   1  -1       0.92735028  p_y
   23   2   1   0       0.91465911  p_z
   23   2   1   1       0.90832706  p_x
   23   3   2  -2       0.08688422  d_xy
   23   3   2  -1       0.08631012  d_yz
   23   3   2   0       0.08105344  d_z2
   23   3   2   1       0.10499597  d_xz
   23   3   2   2       0.09538947  d_x2-y2
   24   1   0   0       1.41691937  s
   24   2   1  -1       0.92722520  p_y
   24   2   1   0       0.91164659  p_z
   24   2   1   1       0.91709937  p_x
   24   3   2  -2       0.08420559  d_xy
   24   3   2  -1       0.09536266  d_yz
   24   3   2   0       0.08373461  d_z2
   24   3   2   1       0.09386282  d_xz
   24   3   2   2       0.09008299  d_x2-y2
   25   1   0   0       1.81751966  s
   25   2   1  -1       1.36919789  p_y
   25   2   1   0       1.45232657  p_z
   25   2   1   1       1.34153792  p_x
   25   3   2  -2      -0.00050942  d_xy
   25   3   2  -1       0.00976552  d_yz
   25   3   2   0       0.01313551  d_z2
   25   3   2   1       0.00887150  d_xz
   25   3   2   2       0.00752850  d_x2-y2
   26   1   0   0       1.81725710  s
   26   2   1  -1       1.39388989  p_y
   26   2   1   0       1.39385747  p_z
   26   2   1   1       1.34875554  p_x
   26   3   2  -2       0.01209282  d_xy
   26   3   2  -1       0.00553884  d_yz
   26   3   2   0       0.00922002  d_z2
   26   3   2   1       0.01013930  d_xz
   26   3   2   2       0.01039182  d_x2-y2
   27   1   0   0       1.81620149  s
   27   2   1  -1       1.36243602  p_y
   27   2   1   0       1.37843466  p_z
   27   2   1   1       1.36905905  p_x
   27   3   2  -2       0.00950136  d_xy
   27   3   2  -1       0.01012513  d_yz
   27   3   2   0       0.00994730  d_z2
   27   3   2   1       0.00476900  d_xz
   27   3   2   2       0.01123031  d_x2-y2
   28   1   0   0       1.81391476  s
   28   2   1  -1       1.39343007  p_y
   28   2   1   0       1.44121032  p_z
   28   2   1   1       1.34714854  p_x
   28   3   2  -2       0.00787601  d_xy
   28   3   2  -1       0.00758147  d_yz
   28   3   2   0       0.01010195  d_z2
   28   3   2   1       0.00503500  d_xz
   28   3   2   2       0.00973370  d_x2-y2
   29   1   0   0       1.81901772  s
   29   2   1  -1       1.32310677  p_y
   29   2   1   0       1.46097143  p_z
   29   2   1   1       1.37820774  p_x
   29   3   2  -2       0.00187716  d_xy
   29   3   2  -1       0.00960113  d_yz
   29   3   2   0       0.01361612  d_z2
   29   3   2   1       0.01265772  d_xz
   29   3   2   2       0.00803734  d_x2-y2
   30   1   0   0       1.81168730  s
   30   2   1  -1       1.34050461  p_y
   30   2   1   0       1.45148910  p_z
   30   2   1   1       1.39901247  p_x
   30   3   2  -2       0.00286121  d_xy
   30   3   2  -1       0.01069242  d_yz
   30   3   2   0       0.01203814  d_z2
   30   3   2   1       0.00791869  d_xz
   30   3   2   2       0.00681503  d_x2-y2
   31   1   0   0       1.81680046  s
   31   2   1  -1       1.37024786  p_y
   31   2   1   0       1.38384007  p_z
   31   2   1   1       1.36715316  p_x
   31   3   2  -2       0.01064063  d_xy
   31   3   2  -1       0.00541709  d_yz
   31   3   2   0       0.01092296  d_z2
   31   3   2   1       0.00869107  d_xz
   31   3   2   2       0.00997161  d_x2-y2
   32   1   0   0       1.81391297  s
   32   2   1  -1       1.43996729  p_y
   32   2   1   0       1.34624673  p_z
   32   2   1   1       1.39785730  p_x
   32   3   2  -2       0.01553501  d_xy
   32   3   2  -1       0.00911467  d_yz
   32   3   2   0       0.00863881  d_z2
   32   3   2   1       0.00539045  d_xz
   32   3   2   2       0.01326723  d_x2-y2
   33   1   0   0       1.81375145  s
   33   2   1  -1       1.50853128  p_y
   33   2   1   0       1.27873974  p_z
   33   2   1   1       1.36320682  p_x
   33   3   2  -2       0.00980397  d_xy
   33   3   2  -1       0.00706814  d_yz
   33   3   2   0       0.01124538  d_z2
   33   3   2   1       0.00383380  d_xz
   33   3   2   2       0.01410559  d_x2-y2
   34   1   0   0       1.81281651  s
   34   2   1  -1       1.34719297  p_y
   34   2   1   0       1.34216072  p_z
   34   2   1   1       1.52398575  p_x
   34   3   2  -2       0.01272975  d_xy
   34   3   2  -1       0.00632870  d_yz
   34   3   2   0       0.00826466  d_z2
   34   3   2   1       0.00561582  d_xz
   34   3   2   2       0.01081909  d_x2-y2
   35   1   0   0       1.80537241  s
   35   2   1  -1       1.49193846  p_y
   35   2   1   0       1.36456933  p_z
   35   2   1   1       1.37345648  p_x
   35   3   2  -2       0.01038348  d_xy
   35   3   2  -1       0.00824345  d_yz
   35   3   2   0       0.00612368  d_z2
   35   3   2   1       0.00351509  d_xz
   35   3   2   2       0.01154968  d_x2-y2
   36   1   0   0       1.81680842  s
   36   2   1  -1       1.35427830  p_y
   36   2   1   0       1.47000038  p_z
   36   2   1   1       1.32069969  p_x
   36   3   2  -2       0.00386187  d_xy
   36   3   2  -1       0.00754232  d_yz
   36   3   2   0       0.01314882  d_z2
   36   3   2   1       0.01599708  d_xz
   36   3   2   2       0.00889588  d_x2-y2
   37   1   0   0       1.82068566  s
   37   2   1  -1       1.29445016  p_y
   37   2   1   0       1.46705664  p_z
   37   2   1   1       1.43374866  p_x
   37   3   2  -2       0.00468075  d_xy
   37   3   2  -1       0.00920435  d_yz
   37   3   2   0       0.01226103  d_z2
   37   3   2   1       0.01367647  d_xz
   37   3   2   2       0.01056457  d_x2-y2
   38   1   0   0       1.82523603  s
   38   2   1  -1       1.40598975  p_y
   38   2   1   0       1.37399891  p_z
   38   2   1   1       1.42181230  p_x
   38   3   2  -2       0.01275309  d_xy
   38   3   2  -1       0.00800960  d_yz
   38   3   2   0       0.01077548  d_z2
   38   3   2   1       0.00908760  d_xz
   38   3   2   2       0.01227529  d_x2-y2
   39   1   0   0       1.82795089  s
   39   2   1  -1       1.42192229  p_y
   39   2   1   0       1.33173861  p_z
   39   2   1   1       1.43215246  p_x
   39   3   2  -2       0.01146112  d_xy
   39   3   2  -1       0.01442566  d_yz
   39   3   2   0       0.01312335  d_z2
   39   3   2   1       0.00789359  d_xz
   39   3   2   2       0.01358273  d_x2-y2
   40   1   0   0       1.82276262  s
   40   2   1  -1       1.43303684  p_y
   40   2   1   0       1.36666074  p_z
   40   2   1   1       1.33657576  p_x
   40   3   2  -2       0.00602826  d_xy
   40   3   2  -1       0.00568690  d_yz
   40   3   2   0       0.01055759  d_z2
   40   3   2   1       0.00822019  d_xz
   40   3   2   2       0.01105462  d_x2-y2
   41   1   0   0       1.93083338  s
   41   2   1  -1       1.70356987  p_y
   41   2   1   0       1.70872283  p_z
   41   2   1   1       1.70648386  p_x
   41   3   2  -2       0.00113250  d_xy
   41   3   2  -1      -0.00069947  d_yz
   41   3   2   0      -0.01255053  d_z2
   41   3   2   1       0.00135657  d_xz
   41   3   2   2      -0.00794567  d_x2-y2
   42   1   0   0       1.93283912  s
   42   2   1  -1       1.72935731  p_y
   42   2   1   0       1.70509096  p_z
   42   2   1   1       1.70180421  p_x
   42   3   2  -2       0.00023719  d_xy
   42   3   2  -1       0.00673071  d_yz
   42   3   2   0      -0.02493141  d_z2
   42   3   2   1      -0.00208149  d_xz
   42   3   2   2      -0.00228948  d_x2-y2
   43   1   0   0       1.93123560  s
   43   2   1  -1       1.73954904  p_y
   43   2   1   0       1.70797074  p_z
   43   2   1   1       1.67588913  p_x
   43   3   2  -2      -0.01962081  d_xy
   43   3   2  -1       0.00753189  d_yz
   43   3   2   0      -0.00065850  d_z2
   43   3   2   1      -0.00137818  d_xz
   43   3   2   2      -0.00363481  d_x2-y2
   44   1   0   0       1.93220644  s
   44   2   1  -1       1.68515731  p_y
   44   2   1   0       1.70436262  p_z
   44   2   1   1       1.72248862  p_x
   44   3   2  -2      -0.00380327  d_xy
   44   3   2  -1      -0.00587145  d_yz
   44   3   2   0      -0.00298880  d_z2
   44   3   2   1       0.00410591  d_xz
   44   3   2   2       0.00113306  d_x2-y2
   45   1   0   0       1.93306077  s
   45   2   1  -1       1.71518559  p_y
   45   2   1   0       1.72464745  p_z
   45   2   1   1       1.67219045  p_x
   45   3   2  -2      -0.00395496  d_xy
   45   3   2  -1       0.00256810  d_yz
   45   3   2   0      -0.00088421  d_z2
   45   3   2   1      -0.00154546  d_xz
   45   3   2   2      -0.00092708  d_x2-y2
   46   1   0   0       1.93203743  s
   46   2   1  -1       1.71138042  p_y
   46   2   1   0       1.70088490  p_z
   46   2   1   1       1.72055081  p_x
   46   3   2  -2       0.00618054  d_xy
   46   3   2  -1      -0.01301041  d_yz
   46   3   2   0      -0.00340212  d_z2
   46   3   2   1      -0.00137430  d_xz
   46   3   2   2      -0.00552781  d_x2-y2
   47   1   0   0       1.93028843  s
   47   2   1  -1       1.71915016  p_y
   47   2   1   0       1.71048716  p_z
   47   2   1   1       1.69865695  p_x
   47   3   2  -2       0.00202629  d_xy
   47   3   2  -1      -0.00517106  d_yz
   47   3   2   0      -0.01219418  d_z2
   47   3   2   1      -0.00189722  d_xz
   47   3   2   2      -0.01056929  d_x2-y2
   48   1   0   0       1.93011608  s
   48   2   1  -1       1.72322865  p_y
   48   2   1   0       1.69932648  p_z
   48   2   1   1       1.70762629  p_x
   48   3   2  -2       0.00208965  d_xy
   48   3   2  -1      -0.00235896  d_yz
   48   3   2   0      -0.02189339  d_z2
   48   3   2   1       0.00322622  d_xz
   48   3   2   2       0.00433097  d_x2-y2

Fermi level:                        -0.1789196028 H           -4.8687 eV
Band energy:                       -77.1535492456 H        -2099.4549 eV
TS:                                  0.0000000061 H            0.0000 eV
Band free energy (E-TS):           -77.1535492517 H        -2099.4549 eV
Extrapolated E(0K):                -77.1535492487 H        -2099.4549 eV
Input / Output electrons (q):    192.0000001641    192.0000001641

Energy H0:                         -75.1271513060 H        -2044.3138 eV
Energy SCC:                          0.0340726178 H            0.9272 eV
Total Electronic energy:           -75.0930786882 H        -2043.3866 eV
Repulsive energy:                    0.0000000000 H            0.0000 eV
Total energy:                      -75.0930786882 H        -2043.3866 eV
Extrapolated to 0:                 -75.0930786912 H        -2043.3866 eV
Total Mermin free energy:          -75.0930786943 H        -2043.3866 eV
Force related energy:              -75.0930786943 H        -2043.3866 eV

Atom resolved electronic energies 
    1     -0.34568628 H       -9.406602 eV
    2     -0.32550460 H       -8.857431 eV
    3     -0.32119485 H       -8.740157 eV
    4     -0.32162152 H       -8.751767 eV
    5     -0.32938401 H       -8.962995 eV
    6     -0.33113123 H       -9.010539 eV
    7     -0.31605631 H       -8.600330 eV
    8     -0.31305103 H       -8.518552 eV
    9     -0.33489761 H       -9.113028 eV
   10     -0.29977756 H       -8.157362 eV
   11     -0.32463973 H       -8.833896 eV
   12     -0.32767313 H       -8.916439 eV
   13     -0.34447024 H       -9.373512 eV
   14     -0.32448807 H       -8.829770 eV
   15     -0.30470943 H       -8.291566 eV
   16     -0.30631709 H       -8.335312 eV
   17     -0.31219688 H       -8.495309 eV
   18     -0.32952557 H       -8.966847 eV
   19     -0.33584968 H       -9.138935 eV
   20     -0.31813712 H       -8.656952 eV
   21     -1.89916515 H      -51.678913 eV
   22     -1.90017549 H      -51.706406 eV
   23     -1.90043102 H      -51.713359 eV
   24     -1.90374070 H      -51.803420 eV
   25     -2.23223210 H      -60.742126 eV
   26     -2.23358748 H      -60.779008 eV
   27     -2.22745084 H      -60.612021 eV
   28     -2.23567768 H      -60.835885 eV
   29     -2.23530601 H      -60.825771 eV
   30     -2.23463870 H      -60.807613 eV
   31     -2.23067600 H      -60.699782 eV
   32     -2.23467609 H      -60.808630 eV
   33     -2.22945304 H      -60.666504 eV
   34     -2.23995825 H      -60.952365 eV
   35     -2.23489216 H      -60.814510 eV
   36     -2.23280672 H      -60.757762 eV
   37     -2.24163587 H      -60.998016 eV
   38     -2.24412885 H      -61.065853 eV
   39     -2.24536170 H      -61.099401 eV
   40     -2.23247734 H      -60.748799 eV
   41     -3.15473146 H      -85.844611 eV
   42     -3.16121867 H      -86.021137 eV
   43     -3.15584483 H      -85.874907 eV
   44     -3.15612280 H      -85.882471 eV
   45     -3.15747024 H      -85.919137 eV
   46     -3.15890256 H      -85.958112 eV
   47     -3.15439149 H      -85.835360 eV
   48     -3.15961351 H      -85.977458 eV

Atom resolved repulsive energies 
    1      0.00000000 H        0.000000 eV
    2      0.00000000 H        0.000000 eV
    3      0.00000000 H        0.000000 eV
    4      0.00000000 H        0.000000 eV
    5      0.00000000 H        0.000000 eV
    6      0.00000000 H        0.000000 eV
    7      0.00000000 H        0.000000 eV
    8      0.00000000 H        0.000000 eV
    9      0.00000000 H        0.000000 eV
   10      0.00000000 H        0.000000 eV
   11      0.00000000 H        0.000000 eV
   12      0.00000000 H        0.000000 eV
   13      0.00000000 H        0.000000 eV
   14      0.00000000 H        0.000000 eV
   15      0.00000000 H        0.000000 eV
   16      0.00000000 H        0.000000 eV
   17      0.00000000 H        0.000000 eV
   18      0.00000000 H        0.000000 eV
   19      0.00000000 H        0.000000 eV
   20      0.00000000 H        0.000000 eV
   21      0.00000000 H        0.000000 eV
   22      0.00000000 H        0.000000 eV
   23      0.00000000 H        0.000000 eV
   24      0.00000000 H        0.000000 eV
   25      0.00000000 H        0.000000 eV
   26      0.00000000 H        0.000000 eV
   27      0.00000000 H        0.000000 eV
   28      0.00000000 H        0.000000 eV
   29      0.00000000 H        0.000000 eV
   30      0.00000000 H        0.000000 eV
   31      0.00000000 H        0.000000 eV
   32      0.00000000 H        0.000000 eV
   33      0.00000000 H        0.000000 eV
   34      0.00000000 H        0.000000 eV
   35      0.00000000 H        0.000000 eV
   36      0.00000000 H        0.000000 eV
   37      0.00000000 H        0.000000 eV
   38      0.00000000 H        0.000000 eV
   39      0.00000000 H        0.000000 eV
   40      0.00000000 H        0.000000 eV
   41      0.00000000 H        0.000000 eV
   42      0.00000000 H        0.000000 eV
   43      0.00000000 H        0.000000 eV
   44      0.00000000 H        0.000000 eV
   45      0.00000000 H        0.000000 eV
   46      0.00000000 H        0.000000 eV
   47      0.00000000 H        0.000000 eV
   48      0.00000000 H        0.000000 eV

Atom resolved total energies 
    1     -0.34568628 H       -9.406602 eV
    2     -0.32550460 H       -8.857431 eV
    3     -0.32119485 H       -8.740157 eV
    4     -0.32162152 H       -8.751767 eV
    5     -0.32938401 H       -8.962995 eV
    6     -0.33113123 H       -9.010539 eV
    7     -0.31605631 H       -8.600330 eV
    8     -0.31305103 H       -8.518552 eV
    9     -0.33489761 H       -9.113028 eV
   10     -0.29977756 H       -8.157362 eV
   11     -0.32463973 H       -8.833896 eV
   12     -0.32767313 H       -8.916439 eV
   13     -0.34447024 H       -9.373512 eV
   14     -0.32448807 H       -8.829770 eV
   15     -0.30470943 H       -8.291566 eV
   16     -0.30631709 H       -8.335312 eV
   17     -0.31219688 H       -8.495309 eV
   18     -0.32952557 H       -8.966847 eV
   19     -0.33584968 H       -9.138935 eV
   20     -0.31813712 H       -8.656952 eV
   21     -1.89916515 H      -51.678913 eV
   22     -1.90017549 H      -51.706406 eV
   23     -1.90043102 H      -51.713359 eV
   24     -1.90374070 H      -51.803420 eV
   25     -2.23223210 H      -60.742126 eV
   26     -2.23358748 H      -60.779008 eV
   27     -2.22745084 H      -60.612021 eV
   28     -2.23567768 H      -60.835885 eV
   29     -2.23530601 H      -60.825771 eV
   30     -2.23463870 H      -60.807613 eV
   31     -2.23067600 H      -60.699782 eV
   32     -2.23467609 H      -60.808630 eV
   33     -2.22945304 H      -60.666504 eV
   34     -2.23995825 H      -60.952365 eV
   35     -2.23489216 H      -60.814510 eV
   36     -2.23280672 H      -60.757762 eV
   37     -2.24163587 H      -60.998016 eV
   38     -2.24412885 H      -61.065853 eV
   39     -2.24536170 H      -61.099401 eV
   40     -2.23247734 H      -60.748799 eV
   41     -3.15473146 H      -85.844611 eV
   42     -3.16121867 H      -86.021137 eV
   43     -3.15584483 H      -85.874907 eV
   44     -3.15612280 H      -85.882471 eV
   45     -3.15747024 H      -85.919137 eV
   46     -3.15890256 H      -85.958112 eV
   47     -3.15439149 H      -85.835360 eV
   48     -3.15961351 H      -85.977458 eV

SCC converged

Total Forces
    1     -0.000399750063     -0.002960012692      0.004929976509
    2     -0.004627321480      0.006280366900      0.002406935492
    3      0.009188081920     -0.005202079855     -0.005167359280
    4     -0.003898895320      0.006450911233      0.003810138829
    5     -0.001293051676      0.008591225983     -0.007204700006
    6      0.004832277573      0.003695625387      0.004605029460
    7     -0.006269043022     -0.001135923058      0.003040995743
    8     -0.002054846570     -0.006004606408      0.001321978558
    9     -0.001048937124     -0.006385444795     -0.002123539845
   10      0.005030436921      0.002270560355      0.004271521671
   11     -0.006825706922      0.000299515914     -0.003563254525
   12      0.001689259230      0.001385667297      0.010813898324
   13      0.000460972024      0.001827796718      0.004768431925
   14     -0.004881290304      0.002870738409     -0.005789058850
   15     -0.000135212636      0.000231303204      0.001159172115
   16      0.006217182158     -0.006417707517     -0.005193615024
   17      0.003342116464      0.003680802278     -0.007223179419
   18     -0.001154210086     -0.004611989699     -0.001825397815
   19      0.006954611727      0.003501283054      0.000218002819
   20     -0.005108231623      0.000798523856      0.001224917854
   21      0.007862674955     -0.000415584798     -0.000863897306
   22      0.001289945113      0.002977645209      0.010586473067
   23     -0.003275541202     -0.000332390189     -0.011654287921
   24      0.005887281420      0.000310520538     -0.004619225980
   25     -0.008300439718      0.012778750731     -0.014485571968
   26      0.013900958244     -0.004268298125     -0.000137703150
   27      0.007172595559      0.008463667174      0.006269983988
   28     -0.015082596649     -0.011407555055     -0.001208526906
   29     -0.008087913634     -0.009303243148      0.017115261690
   30     -0.000057253019      0.012121114930     -0.010750060478
   31      0.006995619708      0.005611873155      0.006159646023
   32      0.012829877366     -0.022184639008     -0.007091430766
   33      0.009949782787     -0.006772879719     -0.012416750387
   34     -0.016776512437     -0.011271437317      0.012335657631
   35      0.015082573421      0.013922124149      0.008811455744
   36     -0.014987682592      0.003687409493     -0.016620810340
   37     -0.007142473967     -0.021007225696      0.021431752081
   38     -0.025445669647      0.005178873397     -0.013766654636
   39      0.001823436557      0.022579081704      0.017238464396
   40      0.013273846739      0.008870558313     -0.013855083017
   41      0.007892362744     -0.009221211450      0.011495696219
   42      0.011993268901      0.001700680993     -0.007326742114
   43      0.000786727968      0.005674885721     -0.001556974635
   44     -0.007355511735      0.002339957512      0.009682839610
   45      0.000184994813     -0.012121114066     -0.008298623154
   46     -0.004284688618     -0.001004791070      0.003173704614
   47     -0.000694347505      0.002019258922     -0.008635950351
   48     -0.005453756761     -0.008092588863      0.004506463511

Total stress tensor
     -0.000187438113     -0.000000734174      0.000000226586
     -0.000000733751     -0.000170699086      0.000008717988
      0.000000226756      0.000008718156     -0.000178089647

Total lattice derivs
      0.059183093813      0.000231813675     -0.000071543981
      0.000231680013      0.053897789638     -0.002752681995
     -0.000071597458     -0.002752734905      0.056231340055

Maximal derivative component:        0.254457E-01 au

Volume:                              0.561060E+04 au^3
Pressure:                           -0.178742E-03 au    -0.525878E+10 Pa

Warning: dipole moment is not defined absolutely!
Dipole moment:   -6.05981766    1.45501966    0.09796279 au
Dipole moment:  -15.40252138    3.69829139    0.24899659 Debye


