 Fermi distribution function

Calculation with static geometry


********************************************************************************
 iSCC Total electronic   Diff electronic      SCC error    
   21   -0.74505800E+02   -0.14210855E-13    0.58965943E-10
********************************************************************************

 Total charge:     0.00000000

 Atomic gross charges (e)
 Atom           Charge
    1       0.06981171
    2       0.08471609
    3       0.13035061
    4       0.11317536
    5       0.09876450
    6       0.11354915
    7       0.12594845
    8       0.16238259
    9       0.09814861
   10       0.17790562
   11       0.10204603
   12       0.06297442
   13       0.06023371
   14       0.12610866
   15       0.13449092
   16       0.15007367
   17       0.13440572
   18       0.12189160
   19       0.08678099
   20       0.11635450
   21       0.28923980
   22       0.29237828
   23       0.29428610
   24       0.28018972
   25      -0.10550373
   26      -0.09698551
   27      -0.07146056
   28      -0.11133731
   29      -0.11044101
   30      -0.12416397
   31      -0.07865631
   32      -0.12594927
   33      -0.10019045
   34      -0.14696193
   35      -0.15211448
   36      -0.09193162
   37      -0.13554102
   38      -0.14034609
   39      -0.13700470
   40      -0.08586463
   41      -0.19009230
   42      -0.21306803
   43      -0.20183620
   44      -0.19457233
   45      -0.21081054
   46      -0.21145255
   47      -0.18698423
   48      -0.20293804

Nr. of electrons (up):    192.00000000
Atom populations (up)
 Atom       Population
    1       0.93018829
    2       0.91528391
    3       0.86964939
    4       0.88682464
    5       0.90123550
    6       0.88645085
    7       0.87405155
    8       0.83761741
    9       0.90185139
   10       0.82209438
   11       0.89795397
   12       0.93702558
   13       0.93976629
   14       0.87389134
   15       0.86550908
   16       0.84992633
   17       0.86559428
   18       0.87810840
   19       0.91321901
   20       0.88364550
   21       4.71076020
   22       4.70762172
   23       4.70571390
   24       4.71981028
   25       6.10550373
   26       6.09698551
   27       6.07146056
   28       6.11133731
   29       6.11044101
   30       6.12416397
   31       6.07865631
   32       6.12594927
   33       6.10019045
   34       6.14696193
   35       6.15211448
   36       6.09193162
   37       6.13554102
   38       6.14034609
   39       6.13700470
   40       6.08586463
   41       7.19009230
   42       7.21306803
   43       7.20183620
   44       7.19457233
   45       7.21081054
   46       7.21145255
   47       7.18698423
   48       7.20293804

l-shell populations (up)
 Atom Sh.   l       Population
    1   1   0       0.33629027
    1   2   1       0.59389802
    2   1   0       0.33671586
    2   2   1       0.57856805
    3   1   0       0.30917599
    3   2   1       0.56047340
    4   1   0       0.32459709
    4   2   1       0.56222755
    5   1   0       0.32502962
    5   2   1       0.57620588
    6   1   0       0.31818333
    6   2   1       0.56826751
    7   1   0       0.31767274
    7   2   1       0.55637881
    8   1   0       0.29787858
    8   2   1       0.53973883
    9   1   0       0.32655601
    9   2   1       0.57529538
   10   1   0       0.29252903
   10   2   1       0.52956534
   11   1   0       0.33242394
   11   2   1       0.56553003
   12   1   0       0.34570939
   12   2   1       0.59131620
   13   1   0       0.34987734
   13   2   1       0.58988895
   14   1   0       0.30910079
   14   2   1       0.56479055
   15   1   0       0.31740348
   15   2   1       0.54810560
   16   1   0       0.30176619
   16   2   1       0.54816014
   17   1   0       0.31106430
   17   2   1       0.55452997
   18   1   0       0.31656549
   18   2   1       0.56154291
   19   1   0       0.33057739
   19   2   1       0.58264162
   20   1   0       0.32593955
   20   2   1       0.55770595
   21   1   0       1.57789621
   21   2   1       2.82298172
   21   3   2       0.30988227
   22   1   0       1.57533646
   22   2   1       2.81802149
   22   3   2       0.31426378
   23   1   0       1.57333330
   23   2   1       2.81367515
   23   3   2       0.31870546
   24   1   0       1.57447419
   24   2   1       2.82501265
   24   3   2       0.32032344
   25   1   0       1.88479845
   25   2   1       4.17829950
   25   3   2       0.04240578
   26   1   0       1.88187066
   26   2   1       4.17075260
   26   3   2       0.04436225
   27   1   0       1.87955331
   27   2   1       4.14854601
   27   3   2       0.04336124
   28   1   0       1.88235633
   28   2   1       4.18821158
   28   3   2       0.04076940
   29   1   0       1.88508538
   29   2   1       4.18031689
   29   3   2       0.04503874
   30   1   0       1.88034609
   30   2   1       4.20767219
   30   3   2       0.03614569
   31   1   0       1.88044978
   31   2   1       4.15549971
   31   3   2       0.04270682
   32   1   0       1.88064393
   32   2   1       4.20186277
   32   3   2       0.04344258
   33   1   0       1.87800125
   33   2   1       4.17609505
   33   3   2       0.04609415
   34   1   0       1.88119464
   34   2   1       4.22746113
   34   3   2       0.03830616
   35   1   0       1.87640151
   35   2   1       4.23687459
   35   3   2       0.03883837
   36   1   0       1.88128437
   36   2   1       4.16471865
   36   3   2       0.04592861
   37   1   0       1.88697303
   37   2   1       4.20649725
   37   3   2       0.04207074
   38   1   0       1.89056693
   38   2   1       4.20531444
   38   3   2       0.04446472
   39   1   0       1.89194020
   39   2   1       4.19972483
   39   3   2       0.04533966
   40   1   0       1.88462162
   40   2   1       4.16169846
   40   3   2       0.03954455
   41   1   0       1.95256058
   41   2   1       5.23658627
   41   3   2       0.00094545
   42   1   0       1.95517637
   42   2   1       5.25969803
   42   3   2      -0.00180637
   43   1   0       1.95453437
   43   2   1       5.24874144
   43   3   2      -0.00143960
   44   1   0       1.95512440
   44   2   1       5.24000642
   44   3   2      -0.00055849
   45   1   0       1.95647297
   45   2   1       5.25304596
   45   3   2       0.00129162
   46   1   0       1.95500700
   46   2   1       5.25526621
   46   3   2       0.00117934
   47   1   0       1.95232087
   47   2   1       5.23633497
   47   3   2      -0.00167161
   48   1   0       1.95306795
   48   2   1       5.24962817
   48   3   2       0.00024193

Orbital populations (up)
 Atom Sh.   l   m       Population  Label
    1   1   0   0       0.33629027  s
    1   2   1  -1       0.20110677  p_y
    1   2   1   0       0.19339687  p_z
    1   2   1   1       0.19939438  p_x
    2   1   0   0       0.33671586  s
    2   2   1  -1       0.16206578  p_y
    2   2   1   0       0.22436287  p_z
    2   2   1   1       0.19213941  p_x
    3   1   0   0       0.30917599  s
    3   2   1  -1       0.19098466  p_y
    3   2   1   0       0.18548264  p_z
    3   2   1   1       0.18400610  p_x
    4   1   0   0       0.32459709  s
    4   2   1  -1       0.20573993  p_y
    4   2   1   0       0.16455039  p_z
    4   2   1   1       0.19193723  p_x
    5   1   0   0       0.32502962  s
    5   2   1  -1       0.18784141  p_y
    5   2   1   0       0.18370444  p_z
    5   2   1   1       0.20466003  p_x
    6   1   0   0       0.31818333  s
    6   2   1  -1       0.17209219  p_y
    6   2   1   0       0.21242935  p_z
    6   2   1   1       0.18374597  p_x
    7   1   0   0       0.31767274  s
    7   2   1  -1       0.19829208  p_y
    7   2   1   0       0.20943705  p_z
    7   2   1   1       0.14864967  p_x
    8   1   0   0       0.29787858  s
    8   2   1  -1       0.16027649  p_y
    8   2   1   0       0.19421495  p_z
    8   2   1   1       0.18524739  p_x
    9   1   0   0       0.32655601  s
    9   2   1  -1       0.19774021  p_y
    9   2   1   0       0.17877294  p_z
    9   2   1   1       0.19878223  p_x
   10   1   0   0       0.29252903  s
   10   2   1  -1       0.19397887  p_y
   10   2   1   0       0.16604950  p_z
   10   2   1   1       0.16953697  p_x
   11   1   0   0       0.33242394  s
   11   2   1  -1       0.20073330  p_y
   11   2   1   0       0.18328044  p_z
   11   2   1   1       0.18151628  p_x
   12   1   0   0       0.34570939  s
   12   2   1  -1       0.19964622  p_y
   12   2   1   0       0.19638341  p_z
   12   2   1   1       0.19528657  p_x
   13   1   0   0       0.34987734  s
   13   2   1  -1       0.15941091  p_y
   13   2   1   0       0.20375441  p_z
   13   2   1   1       0.22672363  p_x
   14   1   0   0       0.30910079  s
   14   2   1  -1       0.17549173  p_y
   14   2   1   0       0.19794828  p_z
   14   2   1   1       0.19135054  p_x
   15   1   0   0       0.31740348  s
   15   2   1  -1       0.17207758  p_y
   15   2   1   0       0.18721876  p_z
   15   2   1   1       0.18880925  p_x
   16   1   0   0       0.30176619  s
   16   2   1  -1       0.17925245  p_y
   16   2   1   0       0.18193705  p_z
   16   2   1   1       0.18697063  p_x
   17   1   0   0       0.31106430  s
   17   2   1  -1       0.17364538  p_y
   17   2   1   0       0.19152567  p_z
   17   2   1   1       0.18935892  p_x
   18   1   0   0       0.31656549  s
   18   2   1  -1       0.20289147  p_y
   18   2   1   0       0.15921902  p_z
   18   2   1   1       0.19943242  p_x
   19   1   0   0       0.33057739  s
   19   2   1  -1       0.20233491  p_y
   19   2   1   0       0.18747412  p_z
   19   2   1   1       0.19283259  p_x
   20   1   0   0       0.32593955  s
   20   2   1  -1       0.21235600  p_y
   20   2   1   0       0.18842695  p_z
   20   2   1   1       0.15692300  p_x
   21   1   0   0       1.57789621  s
   21   2   1  -1       0.93711814  p_y
   21   2   1   0       0.95394436  p_z
   21   2   1   1       0.93191922  p_x
   21   3   2  -2       0.06851519  d_xy
   21   3   2  -1       0.05820870  d_yz
   21   3   2   0       0.06184377  d_z2
   21   3   2   1       0.06164694  d_xz
   21   3   2   2       0.05966766  d_x2-y2
   22   1   0   0       1.57533646  s
   22   2   1  -1       0.93167346  p_y
   22   2   1   0       0.94005874  p_z
   22   2   1   1       0.94628929  p_x
   22   3   2  -2       0.06454271  d_xy
   22   3   2  -1       0.06716416  d_yz
   22   3   2   0       0.06138206  d_z2
   22   3   2   1       0.05886241  d_xz
   22   3   2   2       0.06231243  d_x2-y2
   23   1   0   0       1.57333330  s
   23   2   1  -1       0.94914678  p_y
   23   2   1   0       0.93511739  p_z
   23   2   1   1       0.92941097  p_x
   23   3   2  -2       0.06092552  d_xy
   23   3   2  -1       0.06013638  d_yz
   23   3   2   0       0.05840163  d_z2
   23   3   2   1       0.07293613  d_xz
   23   3   2   2       0.06630581  d_x2-y2
   24   1   0   0       1.57447419  s
   24   2   1  -1       0.95142529  p_y
   24   2   1   0       0.93627061  p_z
   24   2   1   1       0.93731674  p_x
   24   3   2  -2       0.06016818  d_xy
   24   3   2  -1       0.06702015  d_yz
   24   3   2   0       0.06150547  d_z2
   24   3   2   1       0.06642995  d_xz
   24   3   2   2       0.06519968  d_x2-y2
   25   1   0   0       1.88479845  s
   25   2   1  -1       1.36871693  p_y
   25   2   1   0       1.45916326  p_z
   25   2   1   1       1.35041931  p_x
   25   3   2  -2       0.00499131  d_xy
   25   3   2  -1       0.00877018  d_yz
   25   3   2   0       0.01141978  d_z2
   25   3   2   1       0.00765481  d_xz
   25   3   2   2       0.00956969  d_x2-y2
   26   1   0   0       1.88187066  s
   26   2   1  -1       1.41303144  p_y
   26   2   1   0       1.41149630  p_z
   26   2   1   1       1.34622487  p_x
   26   3   2  -2       0.00868498  d_xy
   26   3   2  -1       0.00606506  d_yz
   26   3   2   0       0.00999792  d_z2
   26   3   2   1       0.00834317  d_xz
   26   3   2   2       0.01127113  d_x2-y2
   27   1   0   0       1.87955331  s
   27   2   1  -1       1.37071275  p_y
   27   2   1   0       1.39691733  p_z
   27   2   1   1       1.38091593  p_x
   27   3   2  -2       0.00783927  d_xy
   27   3   2  -1       0.00802191  d_yz
   27   3   2   0       0.01046669  d_z2
   27   3   2   1       0.00611902  d_xz
   27   3   2   2       0.01091434  d_x2-y2
   28   1   0   0       1.88235633  s
   28   2   1  -1       1.38855058  p_y
   28   2   1   0       1.46586004  p_z
   28   2   1   1       1.33380095  p_x
   28   3   2  -2       0.00607861  d_xy
   28   3   2  -1       0.00804700  d_yz
   28   3   2   0       0.00979008  d_z2
   28   3   2   1       0.00562192  d_xz
   28   3   2   2       0.01123179  d_x2-y2
   29   1   0   0       1.88508538  s
   29   2   1  -1       1.32312766  p_y
   29   2   1   0       1.47184588  p_z
   29   2   1   1       1.38534335  p_x
   29   3   2  -2       0.00477813  d_xy
   29   3   2  -1       0.00931520  d_yz
   29   3   2   0       0.01097814  d_z2
   29   3   2   1       0.00956545  d_xz
   29   3   2   2       0.01040182  d_x2-y2
   30   1   0   0       1.88034609  s
   30   2   1  -1       1.34699851  p_y
   30   2   1   0       1.42990633  p_z
   30   2   1   1       1.43076736  p_x
   30   3   2  -2       0.00375040  d_xy
   30   3   2  -1       0.00553231  d_yz
   30   3   2   0       0.01036667  d_z2
   30   3   2   1       0.00773700  d_xz
   30   3   2   2       0.00875931  d_x2-y2
   31   1   0   0       1.88044978  s
   31   2   1  -1       1.38495289  p_y
   31   2   1   0       1.39826356  p_z
   31   2   1   1       1.37228326  p_x
   31   3   2  -2       0.00716543  d_xy
   31   3   2  -1       0.00621308  d_yz
   31   3   2   0       0.01040930  d_z2
   31   3   2   1       0.00805031  d_xz
   31   3   2   2       0.01086870  d_x2-y2
   32   1   0   0       1.88064393  s
   32   2   1  -1       1.41680238  p_y
   32   2   1   0       1.36232377  p_z
   32   2   1   1       1.42273661  p_x
   32   3   2  -2       0.01175864  d_xy
   32   3   2  -1       0.00552062  d_yz
   32   3   2   0       0.00981309  d_z2
   32   3   2   1       0.00517899  d_xz
   32   3   2   2       0.01117125  d_x2-y2
   33   1   0   0       1.87800125  s
   33   2   1  -1       1.54203423  p_y
   33   2   1   0       1.27186949  p_z
   33   2   1   1       1.36219133  p_x
   33   3   2  -2       0.00788995  d_xy
   33   3   2  -1       0.00794237  d_yz
   33   3   2   0       0.01194231  d_z2
   33   3   2   1       0.00741794  d_xz
   33   3   2   2       0.01090159  d_x2-y2
   34   1   0   0       1.88119464  s
   34   2   1  -1       1.36317152  p_y
   34   2   1   0       1.34372445  p_z
   34   2   1   1       1.52056516  p_x
   34   3   2  -2       0.01006244  d_xy
   34   3   2  -1       0.00526888  d_yz
   34   3   2   0       0.01005353  d_z2
   34   3   2   1       0.00368716  d_xz
   34   3   2   2       0.00923414  d_x2-y2
   35   1   0   0       1.87640151  s
   35   2   1  -1       1.50163794  p_y
   35   2   1   0       1.36931444  p_z
   35   2   1   1       1.36592221  p_x
   35   3   2  -2       0.00882372  d_xy
   35   3   2  -1       0.00769502  d_yz
   35   3   2   0       0.00896526  d_z2
   35   3   2   1       0.00238284  d_xz
   35   3   2   2       0.01097153  d_x2-y2
   36   1   0   0       1.88128437  s
   36   2   1  -1       1.35716033  p_y
   36   2   1   0       1.49192215  p_z
   36   2   1   1       1.31563617  p_x
   36   3   2  -2       0.00586277  d_xy
   36   3   2  -1       0.00690891  d_yz
   36   3   2   0       0.01031891  d_z2
   36   3   2   1       0.01187048  d_xz
   36   3   2   2       0.01096753  d_x2-y2
   37   1   0   0       1.88697303  s
   37   2   1  -1       1.28360912  p_y
   37   2   1   0       1.45991723  p_z
   37   2   1   1       1.46297090  p_x
   37   3   2  -2       0.00630468  d_xy
   37   3   2  -1       0.00480997  d_yz
   37   3   2   0       0.00994417  d_z2
   37   3   2   1       0.01028356  d_xz
   37   3   2   2       0.01072836  d_x2-y2
   38   1   0   0       1.89056693  s
   38   2   1  -1       1.43639932  p_y
   38   2   1   0       1.36867427  p_z
   38   2   1   1       1.40024086  p_x
   38   3   2  -2       0.00965003  d_xy
   38   3   2  -1       0.00695133  d_yz
   38   3   2   0       0.01111436  d_z2
   38   3   2   1       0.00621535  d_xz
   38   3   2   2       0.01053367  d_x2-y2
   39   1   0   0       1.89194020  s
   39   2   1  -1       1.40206540  p_y
   39   2   1   0       1.33089300  p_z
   39   2   1   1       1.46676643  p_x
   39   3   2  -2       0.00874113  d_xy
   39   3   2  -1       0.00769559  d_yz
   39   3   2   0       0.01181338  d_z2
   39   3   2   1       0.00667380  d_xz
   39   3   2   2       0.01041576  d_x2-y2
   40   1   0   0       1.88462162  s
   40   2   1  -1       1.47815070  p_y
   40   2   1   0       1.37325670  p_z
   40   2   1   1       1.31029106  p_x
   40   3   2  -2       0.00869366  d_xy
   40   3   2  -1       0.00603416  d_yz
   40   3   2   0       0.01074369  d_z2
   40   3   2   1       0.00487311  d_xz
   40   3   2   2       0.00919994  d_x2-y2
   41   1   0   0       1.95256058  s
   41   2   1  -1       1.75189383  p_y
   41   2   1   0       1.74002286  p_z
   41   2   1   1       1.74466959  p_x
   41   3   2  -2       0.00158087  d_xy
   41   3   2  -1       0.00049089  d_yz
   41   3   2   0      -0.00119760  d_z2
   41   3   2   1       0.00130452  d_xz
   41   3   2   2      -0.00123323  d_x2-y2
   42   1   0   0       1.95517637  s
   42   2   1  -1       1.78173287  p_y
   42   2   1   0       1.73748548  p_z
   42   2   1   1       1.74047969  p_x
   42   3   2  -2       0.00127259  d_xy
   42   3   2  -1       0.00299029  d_yz
   42   3   2   0      -0.00434802  d_z2
   42   3   2   1      -0.00056290  d_xz
   42   3   2   2      -0.00115833  d_x2-y2
   43   1   0   0       1.95453437  s
   43   2   1  -1       1.77741609  p_y
   43   2   1   0       1.76474957  p_z
   43   2   1   1       1.70657578  p_x
   43   3   2  -2      -0.00320748  d_xy
   43   3   2  -1       0.00316857  d_yz
   43   3   2   0       0.00129972  d_z2
   43   3   2   1      -0.00290135  d_xz
   43   3   2   2       0.00020096  d_x2-y2
   44   1   0   0       1.95512440  s
   44   2   1  -1       1.72210946  p_y
   44   2   1   0       1.74634561  p_z
   44   2   1   1       1.77155135  p_x
   44   3   2  -2      -0.00102160  d_xy
   44   3   2  -1      -0.00119497  d_yz
   44   3   2   0      -0.00070425  d_z2
   44   3   2   1       0.00123066  d_xz
   44   3   2   2       0.00113167  d_x2-y2
   45   1   0   0       1.95647297  s
   45   2   1  -1       1.76650516  p_y
   45   2   1   0       1.77262472  p_z
   45   2   1   1       1.71391608  p_x
   45   3   2  -2      -0.00132199  d_xy
   45   3   2  -1       0.00212766  d_yz
   45   3   2   0       0.00042610  d_z2
   45   3   2   1      -0.00108535  d_xz
   45   3   2   2       0.00114519  d_x2-y2
   46   1   0   0       1.95500700  s
   46   2   1  -1       1.75340734  p_y
   46   2   1   0       1.74225672  p_z
   46   2   1   1       1.75960216  p_x
   46   3   2  -2       0.00244667  d_xy
   46   3   2  -1      -0.00237707  d_yz
   46   3   2   0       0.00057449  d_z2
   46   3   2   1      -0.00050393  d_xz
   46   3   2   2       0.00103917  d_x2-y2
   47   1   0   0       1.95232087  s
   47   2   1  -1       1.74865635  p_y
   47   2   1   0       1.74382134  p_z
   47   2   1   1       1.74385728  p_x
   47   3   2  -2       0.00069326  d_xy
   47   3   2  -1       0.00053441  d_yz
   47   3   2   0      -0.00311793  d_z2
   47   3   2   1       0.00126923  d_xz
   47   3   2   2      -0.00105058  d_x2-y2
   48   1   0   0       1.95306795  s
   48   2   1  -1       1.76763342  p_y
   48   2   1   0       1.72734209  p_z
   48   2   1   1       1.75465267  p_x
   48   3   2  -2       0.00241158  d_xy
   48   3   2  -1       0.00022912  d_yz
   48   3   2   0      -0.00469361  d_z2
   48   3   2   1       0.00100651  d_xz
   48   3   2   2       0.00128834  d_x2-y2

Fermi level:                        -0.1412938752 H           -3.8448 eV
Band energy:                       -69.8632237844 H        -1901.0750 eV
TS:                                  0.0000000000 H            0.0000 eV
Band free energy (E-TS):           -69.8632237844 H        -1901.0750 eV
Extrapolated E(0K):                -69.8632237844 H        -1901.0750 eV
Input / Output electrons (q):    192.0000000000    192.0000000000

Energy H0:                         -74.5462542707 H        -2028.5068 eV
Energy SCC:                          0.0404544881 H            1.1008 eV
Total Electronic energy:           -74.5057997826 H        -2027.4060 eV
Repulsive energy:                    0.0000000000 H            0.0000 eV
Total energy:                      -74.5057997826 H        -2027.4060 eV
Extrapolated to 0:                 -74.5057997826 H        -2027.4060 eV
Total Mermin free energy:          -74.5057997826 H        -2027.4060 eV
Force related energy:              -74.5057997826 H        -2027.4060 eV

Atom resolved electronic energies 
    1     -0.28325873 H       -7.707862 eV
    2     -0.27260526 H       -7.417966 eV
    3     -0.26070643 H       -7.094183 eV
    4     -0.26599894 H       -7.238199 eV
    5     -0.27237082 H       -7.411587 eV
    6     -0.26523447 H       -7.217397 eV
    7     -0.26037576 H       -7.085185 eV
    8     -0.24654623 H       -6.708864 eV
    9     -0.26883526 H       -7.315380 eV
   10     -0.24086986 H       -6.554402 eV
   11     -0.26994288 H       -7.345520 eV
   12     -0.28150052 H       -7.660019 eV
   13     -0.28235016 H       -7.683139 eV
   14     -0.26143669 H       -7.114054 eV
   15     -0.25736565 H       -7.003276 eV
   16     -0.25255289 H       -6.872314 eV
   17     -0.25674303 H       -6.986333 eV
   18     -0.26058406 H       -7.090853 eV
   19     -0.27432225 H       -7.464688 eV
   20     -0.26479381 H       -7.205406 eV
   21     -1.85874907 H      -50.579136 eV
   22     -1.85937595 H      -50.596194 eV
   23     -1.85925785 H      -50.592980 eV
   24     -1.86180308 H      -50.662240 eV
   25     -2.25469530 H      -61.353381 eV
   26     -2.25693215 H      -61.414249 eV
   27     -2.25302417 H      -61.307907 eV
   28     -2.25401309 H      -61.334817 eV
   29     -2.25674393 H      -61.409127 eV
   30     -2.25332749 H      -61.316161 eV
   31     -2.25455034 H      -61.349436 eV
   32     -2.25436380 H      -61.344360 eV
   33     -2.25376862 H      -61.328165 eV
   34     -2.25717407 H      -61.420832 eV
   35     -2.25371714 H      -61.326764 eV
   36     -2.25459290 H      -61.350594 eV
   37     -2.25755652 H      -61.431239 eV
   38     -2.25967395 H      -61.488857 eV
   39     -2.25962050 H      -61.487402 eV
   40     -2.25407883 H      -61.336606 eV
   41     -3.20777519 H      -87.288004 eV
   42     -3.21347996 H      -87.443239 eV
   43     -3.20949251 H      -87.334735 eV
   44     -3.20892534 H      -87.319301 eV
   45     -3.21138805 H      -87.386315 eV
   46     -3.21209934 H      -87.405670 eV
   47     -3.20687397 H      -87.263481 eV
   48     -3.21035299 H      -87.358150 eV

Atom resolved repulsive energies 
    1      0.00000000 H        0.000000 eV
    2      0.00000000 H        0.000000 eV
    3      0.00000000 H        0.000000 eV
    4      0.00000000 H        0.000000 eV
    5      0.00000000 H        0.000000 eV
    6      0.00000000 H        0.000000 eV
    7      0.00000000 H        0.000000 eV
    8      0.00000000 H        0.000000 eV
    9      0.00000000 H        0.000000 eV
   10      0.00000000 H        0.000000 eV
   11      0.00000000 H        0.000000 eV
   12      0.00000000 H        0.000000 eV
   13      0.00000000 H        0.000000 eV
   14      0.00000000 H        0.000000 eV
   15      0.00000000 H        0.000000 eV
   16      0.00000000 H        0.000000 eV
   17      0.00000000 H        0.000000 eV
   18      0.00000000 H        0.000000 eV
   19      0.00000000 H        0.000000 eV
   20      0.00000000 H        0.000000 eV
   21      0.00000000 H        0.000000 eV
   22      0.00000000 H        0.000000 eV
   23      0.00000000 H        0.000000 eV
   24      0.00000000 H        0.000000 eV
   25      0.00000000 H        0.000000 eV
   26      0.00000000 H        0.000000 eV
   27      0.00000000 H        0.000000 eV
   28      0.00000000 H        0.000000 eV
   29      0.00000000 H        0.000000 eV
   30      0.00000000 H        0.000000 eV
   31      0.00000000 H        0.000000 eV
   32      0.00000000 H        0.000000 eV
   33      0.00000000 H        0.000000 eV
   34      0.00000000 H        0.000000 eV
   35      0.00000000 H        0.000000 eV
   36      0.00000000 H        0.000000 eV
   37      0.00000000 H        0.000000 eV
   38      0.00000000 H        0.000000 eV
   39      0.00000000 H        0.000000 eV
   40      0.00000000 H        0.000000 eV
   41      0.00000000 H        0.000000 eV
   42      0.00000000 H        0.000000 eV
   43      0.00000000 H        0.000000 eV
   44      0.00000000 H        0.000000 eV
   45      0.00000000 H        0.000000 eV
   46      0.00000000 H        0.000000 eV
   47      0.00000000 H        0.000000 eV
   48      0.00000000 H        0.000000 eV

Atom resolved total energies 
    1     -0.28325873 H       -7.707862 eV
    2     -0.27260526 H       -7.417966 eV
    3     -0.26070643 H       -7.094183 eV
    4     -0.26599894 H       -7.238199 eV
    5     -0.27237082 H       -7.411587 eV
    6     -0.26523447 H       -7.217397 eV
    7     -0.26037576 H       -7.085185 eV
    8     -0.24654623 H       -6.708864 eV
    9     -0.26883526 H       -7.315380 eV
   10     -0.24086986 H       -6.554402 eV
   11     -0.26994288 H       -7.345520 eV
   12     -0.28150052 H       -7.660019 eV
   13     -0.28235016 H       -7.683139 eV
   14     -0.26143669 H       -7.114054 eV
   15     -0.25736565 H       -7.003276 eV
   16     -0.25255289 H       -6.872314 eV
   17     -0.25674303 H       -6.986333 eV
   18     -0.26058406 H       -7.090853 eV
   19     -0.27432225 H       -7.464688 eV
   20     -0.26479381 H       -7.205406 eV
   21     -1.85874907 H      -50.579136 eV
   22     -1.85937595 H      -50.596194 eV
   23     -1.85925785 H      -50.592980 eV
   24     -1.86180308 H      -50.662240 eV
   25     -2.25469530 H      -61.353381 eV
   26     -2.25693215 H      -61.414249 eV
   27     -2.25302417 H      -61.307907 eV
   28     -2.25401309 H      -61.334817 eV
   29     -2.25674393 H      -61.409127 eV
   30     -2.25332749 H      -61.316161 eV
   31     -2.25455034 H      -61.349436 eV
   32     -2.25436380 H      -61.344360 eV
   33     -2.25376862 H      -61.328165 eV
   34     -2.25717407 H      -61.420832 eV
   35     -2.25371714 H      -61.326764 eV
   36     -2.25459290 H      -61.350594 eV
   37     -2.25755652 H      -61.431239 eV
   38     -2.25967395 H      -61.488857 eV
   39     -2.25962050 H      -61.487402 eV
   40     -2.25407883 H      -61.336606 eV
   41     -3.20777519 H      -87.288004 eV
   42     -3.21347996 H      -87.443239 eV
   43     -3.20949251 H      -87.334735 eV
   44     -3.20892534 H      -87.319301 eV
   45     -3.21138805 H      -87.386315 eV
   46     -3.21209934 H      -87.405670 eV
   47     -3.20687397 H      -87.263481 eV
   48     -3.21035299 H      -87.358150 eV

SCC converged

Total Forces
    1     -0.002948783210     -0.006332239613      0.005824668163
    2     -0.005247155867      0.007645208709     -0.001469667947
    3      0.009422123571     -0.006516809264     -0.009817495249
    4     -0.002775844721      0.006079966579      0.008277579937
    5     -0.005187110996      0.011146825434     -0.009250314811
    6      0.008194736545      0.003068636870      0.006864934642
    7     -0.009207901650     -0.004325936242      0.005934985688
    8     -0.002249539596     -0.011031581139      0.004241913791
    9      0.000933784132     -0.008240147983     -0.008707215013
   10      0.007719306631      0.009206466046      0.008900414823
   11     -0.007905675023     -0.003216798378      0.004990622491
   12      0.004777036808      0.000513394697      0.009426122449
   13     -0.001640618627     -0.006926825197      0.003546776022
   14     -0.006694966795      0.005829604969     -0.007103454508
   15      0.002449508934      0.001732967936     -0.004190067573
   16      0.010513565686     -0.004327081186     -0.006729148323
   17      0.000259503307      0.011583175679     -0.005106493464
   18     -0.000210623007     -0.003819214100     -0.009746017824
   19      0.006895939629      0.005358296878      0.008533512403
   20     -0.007138371829      0.002142619212     -0.000894803590
   21      0.005597496991     -0.000312597932     -0.001286623537
   22      0.000747217543      0.002008113047      0.007114336920
   23     -0.002707500530     -0.000277488663     -0.008461140467
   24      0.005619647161      0.001222200726     -0.003717387130
   25     -0.007227609965      0.014570464272     -0.019699509050
   26      0.014836632843     -0.007560697035     -0.004666949892
   27      0.010070011446      0.010235882334      0.010607154358
   28     -0.017016463887     -0.014479380450      0.002824297736
   29     -0.009968979570     -0.008128334865      0.021099857272
   30     -0.000223175035      0.016319436050     -0.018577242098
   31      0.009573619729      0.009798991396      0.008649015211
   32      0.009222496257     -0.025723503197     -0.010860748813
   33      0.011479278909     -0.011296953396     -0.010689432557
   34     -0.022190174495     -0.009791700357      0.015271667900
   35      0.017299992701      0.015047693991      0.014230116409
   36     -0.017428948565      0.002156402690     -0.019033431008
   37     -0.003801908900     -0.023736013404      0.025638624343
   38     -0.029762810438      0.001650615569     -0.019003037829
   39      0.000346799202      0.029301523569      0.020125549604
   40      0.018772915262      0.001613837012     -0.018274194798
   41      0.009298995143     -0.013077015585      0.005649622300
   42      0.010222294285      0.006675815685     -0.003757056637
   43     -0.004252260571      0.002832329529     -0.000455038238
   44     -0.002659916803      0.002871553520      0.004831398904
   45      0.000161058491     -0.005712417547     -0.003493950428
   46     -0.001539236938     -0.000307174019      0.005134592026
   47      0.002977049228      0.002674566377     -0.008229337198
   48     -0.007405433418     -0.008146679221      0.005501994591

Total stress tensor
     -0.000386922066      0.000002563520     -0.000000712426
      0.000002563856     -0.000373208573      0.000003448897
     -0.000000712332      0.000003449069     -0.000374692215

Total lattice derivs
      0.149243232029     -0.000988798691      0.000274796408
     -0.000988928104      0.143953676079     -0.001330305349
      0.000274760172     -0.001330371614      0.144525945084

Maximal derivative component:        0.297628E-01 au

Volume:                              0.757542E+04 au^3
Pressure:                           -0.378274E-03 au    -0.111292E+11 Pa

Warning: dipole moment is not defined absolutely!
Dipole moment:   -4.69569324   -0.63619026   -0.07704040 au
Dipole moment:  -11.93526267   -1.61703447   -0.19581718 Debye


