48  S    
Li   P    S    Cl   
1      1      2.915565736024673      0.266328885474801      6.323455452375165
2      1      3.113197179051264      0.018983629841974      2.790505846696912
3      1      6.424508463085169      2.980505415724060      0.275293327900912
4      1      6.609952323602389      6.391990014766798     -0.013838274700189
5      1      0.300640897708465      6.469009825372158      3.023034872553757
6      1      9.080621919858114      6.328447572534935      6.510131210023339
7      1     -0.102038635582431      2.976064840783293      6.416807273395658
8      1      3.378652550071352      4.930836827064991      1.575781174107648
9      1      6.376769963749598      7.721371524149844      4.882499271752997
10     1      6.109496588551057      1.665830755325677      4.432929359752286
11     1      2.956939334275247      7.324497534859868      4.530782841663887
12     1      0.022675112125766      2.014362968519518      1.919785007601500
13     1      7.576983314617727      0.014632423358362      1.654914919460467
14     1      7.703166046744673      9.327820394416745      7.759294973097068
15     1      2.115691662725500      3.630513667517623      4.794978840847676
16     1      4.454854067413811      3.139000295307188      7.423459799027055
17     1      7.556588678704684      4.406288932344403      3.329644506044721
18     1      1.599855547595975      7.908963632574697      0.160711515881872
19     1      1.678511112794835      1.879286693557595      9.038622150938158
20     1      4.619783637556883      6.402004690321242      7.505748348035730
21     2      0.007752892007282     -0.011201530409618      4.672391370529853
22     2      4.648335528521183      0.057430870046722     -0.127318246004014
23     2      0.048459005367104      4.739913188424399      0.073978635336774
24     2      4.804344899929788      4.627874989951951      4.577276244197868
25     3      1.093086326265571      8.210270310793208      5.795732480254430
26     3      8.166722419228282      1.051087450421028      5.753423876952918
27     3      8.290678049870774      8.248653330002615      3.535671504139520
28     3      1.203001203225866      1.168220544107476      3.682454557600229
29     3      5.773340333431708      1.228185469802228      8.164980352394432
30     3      5.711765382258855      8.300222517463558      1.014985320491165
31     3      3.492465951322047      8.337493552824396      8.142462801956734
32     3      3.512113567822468      1.226161559936200      0.924788419821835
33     3      8.287301301560616      5.660297022369769      1.372281574749672
34     3      1.012178621884930      5.994933685339200      8.362296419584696
35     3      8.316040220852607      3.592107226707288      8.396606672662765
36     3      1.349727565132763      3.685792234913301      1.104731098957090
37     3      5.777742069739300      5.938121052260894      3.532761011088760
38     3      6.008797506439568      3.602579619295898      5.710949131251164
39     3      3.881522930151153      3.431254957408707      3.350460861352358
40     3      3.447479361863927      5.472252539138639      5.745588926023681
41     4      2.248479561740565      2.368991198065955      6.891366213535419
42     4      6.947761693567983      7.162414613380282      7.110114884531221
43     4      4.499871820554753     -0.221096943363169      4.648305198213018
44     4      4.903447598808585      4.779052328630209     -0.245425620615278
45     4     -0.047242201409774      0.247228335516751      0.158060946889033
46     4      0.028540156120653      4.709219849940316      4.772136710549863
47     4      7.216567933444095      2.234312559870536      2.348417565705892
48     4      2.348025046802339      7.148644419086206      2.338984847629425
     0.000000000000000      0.000000000000000      0.000000000000000 
     9.403099775325000      0.000000000000000      0.000000000000000 
     0.000000000000000      9.403099775325000      0.000000000000000 
     0.000000000000000      0.000000000000000      9.403099775325000 
