8  S    
Li   P    
1      1      0.000000000000000      0.000000000000000      4.542430800000001
2      1      0.000000000000000      0.000000000000000      1.514143600000000
3      1      1.694343280943434      0.978229529787734      0.509472981953600
4      1     -0.000000016943432      1.956459088922354      3.537760181953601
5      1     -0.000000016943432      1.956459088922354      5.547101418046400
6      1      1.694343280943434      0.978229529787734      2.518814218046400
7      2      1.694343280943434      0.978229529787734      4.542430800000001
8      2     -0.000000016943432      1.956459088922354      1.514143600000000
     0.000000000000000      0.000000000000000      0.000000000000000 
     3.388686528000000      0.000000000000000      0.000000000000000 
    -1.694343264000000      2.934688618710088      0.000000000000000 
     0.000000000000000      0.000000000000000      6.056574400000001 
