 Fermi distribution function

Calculation with static geometry


********************************************************************************
 iSCC Total electronic   Diff electronic      SCC error    
   21   -0.74835664E+02   -0.14210855E-13    0.94967256E-10
********************************************************************************

 Total charge:     0.00000000

 Atomic gross charges (e)
 Atom           Charge
    1      -0.01359761
    2       0.01004347
    3       0.02849036
    4       0.02773640
    5       0.02636637
    6       0.03108429
    7       0.04352882
    8       0.09424687
    9       0.02295210
   10       0.14652794
   11       0.04409680
   12       0.00853220
   13      -0.01028576
   14       0.02162870
   15       0.08441927
   16       0.25333823
   17       0.06375723
   18       0.03891707
   19       0.02470455
   20       0.03883549
   21       0.34017275
   22       0.35192221
   23       0.34744156
   24       0.31188953
   25      -0.06329103
   26      -0.05607545
   27      -0.02839015
   28      -0.08525473
   29      -0.12554499
   30      -0.09433927
   31      -0.03329736
   32      -0.09667637
   33      -0.05443203
   34      -0.11181671
   35      -0.10710875
   36      -0.05703227
   37      -0.09639774
   38      -0.10834125
   39      -0.10161724
   40      -0.04958385
   41      -0.14596598
   42      -0.12731004
   43      -0.12830181
   44      -0.16692160
   45      -0.12359233
   46      -0.13405627
   47      -0.11416458
   48      -0.12723705

Nr. of electrons (up):    192.00000000
Atom populations (up)
 Atom       Population
    1       1.01359761
    2       0.98995653
    3       0.97150964
    4       0.97226360
    5       0.97363363
    6       0.96891571
    7       0.95647118
    8       0.90575313
    9       0.97704790
   10       0.85347206
   11       0.95590320
   12       0.99146780
   13       1.01028576
   14       0.97837130
   15       0.91558073
   16       0.74666177
   17       0.93624277
   18       0.96108293
   19       0.97529545
   20       0.96116451
   21       4.65982725
   22       4.64807779
   23       4.65255844
   24       4.68811047
   25       6.06329103
   26       6.05607545
   27       6.02839015
   28       6.08525473
   29       6.12554499
   30       6.09433927
   31       6.03329736
   32       6.09667637
   33       6.05443203
   34       6.11181671
   35       6.10710875
   36       6.05703227
   37       6.09639774
   38       6.10834125
   39       6.10161724
   40       6.04958385
   41       7.14596598
   42       7.12731004
   43       7.12830181
   44       7.16692160
   45       7.12359233
   46       7.13405627
   47       7.11416458
   48       7.12723705

l-shell populations (up)
 Atom Sh.   l       Population
    1   1   0       0.37654189
    1   2   1       0.63705572
    2   1   0       0.37203236
    2   2   1       0.61792417
    3   1   0       0.35880394
    3   2   1       0.61270570
    4   1   0       0.36153523
    4   2   1       0.61072837
    5   1   0       0.36131785
    5   2   1       0.61231578
    6   1   0       0.35914798
    6   2   1       0.60976773
    7   1   0       0.35461459
    7   2   1       0.60185659
    8   1   0       0.32828180
    8   2   1       0.57747133
    9   1   0       0.36747145
    9   2   1       0.60957645
   10   1   0       0.31487437
   10   2   1       0.53859769
   11   1   0       0.36677960
   11   2   1       0.58912360
   12   1   0       0.37053445
   12   2   1       0.62093336
   13   1   0       0.38952785
   13   2   1       0.62075791
   14   1   0       0.35893149
   14   2   1       0.61943980
   15   1   0       0.34617544
   15   2   1       0.56940528
   16   1   0       0.27776779
   16   2   1       0.46889397
   17   1   0       0.34871306
   17   2   1       0.58752971
   18   1   0       0.35984135
   18   2   1       0.60124158
   19   1   0       0.36509369
   19   2   1       0.61020176
   20   1   0       0.36106167
   20   2   1       0.60010284
   21   1   0       1.49824901
   21   2   1       2.78795572
   21   3   2       0.37362252
   22   1   0       1.49368962
   22   2   1       2.77500989
   22   3   2       0.37937828
   23   1   0       1.49308651
   23   2   1       2.77575492
   23   3   2       0.38371702
   24   1   0       1.50770425
   24   2   1       2.80816432
   24   3   2       0.37224190
   25   1   0       1.85216407
   25   2   1       4.16921799
   25   3   2       0.04190897
   26   1   0       1.85078751
   26   2   1       4.15790004
   26   3   2       0.04738790
   27   1   0       1.84879835
   27   2   1       4.13455846
   27   3   2       0.04503334
   28   1   0       1.84980870
   28   2   1       4.19270509
   28   3   2       0.04274093
   29   1   0       1.86418794
   29   2   1       4.21832089
   29   3   2       0.04303616
   30   1   0       1.84655864
   30   2   1       4.20918663
   30   3   2       0.03859400
   31   1   0       1.84910139
   31   2   1       4.13901674
   31   3   2       0.04517923
   32   1   0       1.84785482
   32   2   1       4.20091566
   32   3   2       0.04790589
   33   1   0       1.84620049
   33   2   1       4.16208143
   33   3   2       0.04615011
   34   1   0       1.84787009
   34   2   1       4.22319321
   34   3   2       0.04075341
   35   1   0       1.84141319
   35   2   1       4.22691199
   35   3   2       0.03878357
   36   1   0       1.85006389
   36   2   1       4.15875182
   36   3   2       0.04821657
   37   1   0       1.85466070
   37   2   1       4.19483504
   37   3   2       0.04690200
   38   1   0       1.84998240
   38   2   1       4.20109590
   38   3   2       0.05726294
   39   1   0       1.86098055
   39   2   1       4.18010902
   39   3   2       0.06052766
   40   1   0       1.85537843
   40   2   1       4.15360346
   40   3   2       0.04060196
   41   1   0       1.94250652
   41   2   1       5.19975383
   41   3   2       0.00370562
   42   1   0       1.94430460
   42   2   1       5.19187915
   42   3   2      -0.00887371
   43   1   0       1.94512595
   43   2   1       5.18777447
   43   3   2      -0.00459861
   44   1   0       1.94525071
   44   2   1       5.21179151
   44   3   2       0.00987938
   45   1   0       1.94536018
   45   2   1       5.17799711
   45   3   2       0.00023505
   46   1   0       1.94442401
   46   2   1       5.19394348
   46   3   2      -0.00431122
   47   1   0       1.94225957
   47   2   1       5.18253418
   47   3   2      -0.01062917
   48   1   0       1.94228911
   48   2   1       5.18824404
   48   3   2      -0.00329611

Orbital populations (up)
 Atom Sh.   l   m       Population  Label
    1   1   0   0       0.37654189  s
    1   2   1  -1       0.21235589  p_y
    1   2   1   0       0.20696129  p_z
    1   2   1   1       0.21773854  p_x
    2   1   0   0       0.37203236  s
    2   2   1  -1       0.17515353  p_y
    2   2   1   0       0.23509266  p_z
    2   2   1   1       0.20767798  p_x
    3   1   0   0       0.35880394  s
    3   2   1  -1       0.20719754  p_y
    3   2   1   0       0.19938760  p_z
    3   2   1   1       0.20612056  p_x
    4   1   0   0       0.36153523  s
    4   2   1  -1       0.22364567  p_y
    4   2   1   0       0.17293284  p_z
    4   2   1   1       0.21414986  p_x
    5   1   0   0       0.36131785  s
    5   2   1  -1       0.19800874  p_y
    5   2   1   0       0.19954542  p_z
    5   2   1   1       0.21476162  p_x
    6   1   0   0       0.35914798  s
    6   2   1  -1       0.18587775  p_y
    6   2   1   0       0.22507755  p_z
    6   2   1   1       0.19881243  p_x
    7   1   0   0       0.35461459  s
    7   2   1  -1       0.20973407  p_y
    7   2   1   0       0.22410585  p_z
    7   2   1   1       0.16801667  p_x
    8   1   0   0       0.32828180  s
    8   2   1  -1       0.16974776  p_y
    8   2   1   0       0.20183522  p_z
    8   2   1   1       0.20588835  p_x
    9   1   0   0       0.36747145  s
    9   2   1  -1       0.20869543  p_y
    9   2   1   0       0.19082329  p_z
    9   2   1   1       0.21005773  p_x
   10   1   0   0       0.31487437  s
   10   2   1  -1       0.19403742  p_y
   10   2   1   0       0.16441649  p_z
   10   2   1   1       0.18014378  p_x
   11   1   0   0       0.36677960  s
   11   2   1  -1       0.20640408  p_y
   11   2   1   0       0.19086430  p_z
   11   2   1   1       0.19185522  p_x
   12   1   0   0       0.37053445  s
   12   2   1  -1       0.21378300  p_y
   12   2   1   0       0.20511776  p_z
   12   2   1   1       0.20203260  p_x
   13   1   0   0       0.38952785  s
   13   2   1  -1       0.16422768  p_y
   13   2   1   0       0.21508755  p_z
   13   2   1   1       0.24144268  p_x
   14   1   0   0       0.35893149  s
   14   2   1  -1       0.18974547  p_y
   14   2   1   0       0.20976974  p_z
   14   2   1   1       0.21992459  p_x
   15   1   0   0       0.34617544  s
   15   2   1  -1       0.18686215  p_y
   15   2   1   0       0.19882016  p_z
   15   2   1   1       0.18372297  p_x
   16   1   0   0       0.27776779  s
   16   2   1  -1       0.08007226  p_y
   16   2   1   0       0.16691782  p_z
   16   2   1   1       0.22190390  p_x
   17   1   0   0       0.34871306  s
   17   2   1  -1       0.18069530  p_y
   17   2   1   0       0.21028618  p_z
   17   2   1   1       0.19654823  p_x
   18   1   0   0       0.35984135  s
   18   2   1  -1       0.21660470  p_y
   18   2   1   0       0.16771523  p_z
   18   2   1   1       0.21692165  p_x
   19   1   0   0       0.36509369  s
   19   2   1  -1       0.21613295  p_y
   19   2   1   0       0.18593946  p_z
   19   2   1   1       0.20812936  p_x
   20   1   0   0       0.36106167  s
   20   2   1  -1       0.23478729  p_y
   20   2   1   0       0.19799978  p_z
   20   2   1   1       0.16731577  p_x
   21   1   0   0       1.49824901  s
   21   2   1  -1       0.92556984  p_y
   21   2   1   0       0.94195940  p_z
   21   2   1   1       0.92042647  p_x
   21   3   2  -2       0.08273956  d_xy
   21   3   2  -1       0.07025239  d_yz
   21   3   2   0       0.07500922  d_z2
   21   3   2   1       0.07454796  d_xz
   21   3   2   2       0.07107340  d_x2-y2
   22   1   0   0       1.49368962  s
   22   2   1  -1       0.91585401  p_y
   22   2   1   0       0.92568662  p_z
   22   2   1   1       0.93346926  p_x
   22   3   2  -2       0.07665413  d_xy
   22   3   2  -1       0.08234575  d_yz
   22   3   2   0       0.07324086  d_z2
   22   3   2   1       0.07049565  d_xz
   22   3   2   2       0.07664189  d_x2-y2
   23   1   0   0       1.49308651  s
   23   2   1  -1       0.93611087  p_y
   23   2   1   0       0.92314099  p_z
   23   2   1   1       0.91650306  p_x
   23   3   2  -2       0.07326208  d_xy
   23   3   2  -1       0.07229033  d_yz
   23   3   2   0       0.06974478  d_z2
   23   3   2   1       0.08804988  d_xz
   23   3   2   2       0.08036995  d_x2-y2
   24   1   0   0       1.50770425  s
   24   2   1  -1       0.94572846  p_y
   24   2   1   0       0.92868521  p_z
   24   2   1   1       0.93375065  p_x
   24   3   2  -2       0.07235343  d_xy
   24   3   2  -1       0.07452166  d_yz
   24   3   2   0       0.07212348  d_z2
   24   3   2   1       0.07991685  d_xz
   24   3   2   2       0.07332648  d_x2-y2
   25   1   0   0       1.85216407  s
   25   2   1  -1       1.36707758  p_y
   25   2   1   0       1.45714890  p_z
   25   2   1   1       1.34499152  p_x
   25   3   2  -2       0.00288999  d_xy
   25   3   2  -1       0.00929663  d_yz
   25   3   2   0       0.01240817  d_z2
   25   3   2   1       0.00828629  d_xz
   25   3   2   2       0.00902789  d_x2-y2
   26   1   0   0       1.85078751  s
   26   2   1  -1       1.40947952  p_y
   26   2   1   0       1.40393044  p_z
   26   2   1   1       1.34449009  p_x
   26   3   2  -2       0.00967576  d_xy
   26   3   2  -1       0.00627603  d_yz
   26   3   2   0       0.01017009  d_z2
   26   3   2   1       0.00953069  d_xz
   26   3   2   2       0.01173533  d_x2-y2
   27   1   0   0       1.84879835  s
   27   2   1  -1       1.36878033  p_y
   27   2   1   0       1.39142165  p_z
   27   2   1   1       1.37435649  p_x
   27   3   2  -2       0.00816198  d_xy
   27   3   2  -1       0.00909992  d_yz
   27   3   2   0       0.01058844  d_z2
   27   3   2   1       0.00585654  d_xz
   27   3   2   2       0.01132646  d_x2-y2
   28   1   0   0       1.84980870  s
   28   2   1  -1       1.39313997  p_y
   28   2   1   0       1.45554573  p_z
   28   2   1   1       1.34401940  p_x
   28   3   2  -2       0.00641330  d_xy
   28   3   2  -1       0.00852167  d_yz
   28   3   2   0       0.01061623  d_z2
   28   3   2   1       0.00591955  d_xz
   28   3   2   2       0.01127018  d_x2-y2
   29   1   0   0       1.86418794  s
   29   2   1  -1       1.35955265  p_y
   29   2   1   0       1.45826567  p_z
   29   2   1   1       1.40050258  p_x
   29   3   2  -2       0.00439731  d_xy
   29   3   2  -1       0.00774772  d_yz
   29   3   2   0       0.01053784  d_z2
   29   3   2   1       0.01035967  d_xz
   29   3   2   2       0.00999363  d_x2-y2
   30   1   0   0       1.84655864  s
   30   2   1  -1       1.34947864  p_y
   30   2   1   0       1.44775217  p_z
   30   2   1   1       1.41195582  p_x
   30   3   2  -2       0.00312343  d_xy
   30   3   2  -1       0.00816933  d_yz
   30   3   2   0       0.01107273  d_z2
   30   3   2   1       0.00795916  d_xz
   30   3   2   2       0.00826935  d_x2-y2
   31   1   0   0       1.84910139  s
   31   2   1  -1       1.37891764  p_y
   31   2   1   0       1.38736124  p_z
   31   2   1   1       1.37273786  p_x
   31   3   2  -2       0.00922428  d_xy
   31   3   2  -1       0.00570821  d_yz
   31   3   2   0       0.01109152  d_z2
   31   3   2   1       0.00819772  d_xz
   31   3   2   2       0.01095750  d_x2-y2
   32   1   0   0       1.84785482  s
   32   2   1  -1       1.43170532  p_y
   32   2   1   0       1.35299920  p_z
   32   2   1   1       1.41621114  p_x
   32   3   2  -2       0.01368592  d_xy
   32   3   2  -1       0.00607907  d_yz
   32   3   2   0       0.00960128  d_z2
   32   3   2   1       0.00609807  d_xz
   32   3   2   2       0.01244154  d_x2-y2
   33   1   0   0       1.84620049  s
   33   2   1  -1       1.52572262  p_y
   33   2   1   0       1.27230539  p_z
   33   2   1   1       1.36405342  p_x
   33   3   2  -2       0.00881868  d_xy
   33   3   2  -1       0.00763866  d_yz
   33   3   2   0       0.01175309  d_z2
   33   3   2   1       0.00577782  d_xz
   33   3   2   2       0.01216186  d_x2-y2
   34   1   0   0       1.84787009  s
   34   2   1  -1       1.35665099  p_y
   34   2   1   0       1.34269311  p_z
   34   2   1   1       1.52384911  p_x
   34   3   2  -2       0.01151546  d_xy
   34   3   2  -1       0.00547404  d_yz
   34   3   2   0       0.00965859  d_z2
   34   3   2   1       0.00422344  d_xz
   34   3   2   2       0.00988186  d_x2-y2
   35   1   0   0       1.84141319  s
   35   2   1  -1       1.49442550  p_y
   35   2   1   0       1.36275922  p_z
   35   2   1   1       1.36972727  p_x
   35   3   2  -2       0.00979744  d_xy
   35   3   2  -1       0.00791937  d_yz
   35   3   2   0       0.00797008  d_z2
   35   3   2   1       0.00185147  d_xz
   35   3   2   2       0.01124521  d_x2-y2
   36   1   0   0       1.85006389  s
   36   2   1  -1       1.35475590  p_y
   36   2   1   0       1.48466775  p_z
   36   2   1   1       1.31932817  p_x
   36   3   2  -2       0.00540733  d_xy
   36   3   2  -1       0.00737022  d_yz
   36   3   2   0       0.01165196  d_z2
   36   3   2   1       0.01330109  d_xz
   36   3   2   2       0.01048597  d_x2-y2
   37   1   0   0       1.85466070  s
   37   2   1  -1       1.28351844  p_y
   37   2   1   0       1.46070696  p_z
   37   2   1   1       1.45060964  p_x
   37   3   2  -2       0.00569445  d_xy
   37   3   2  -1       0.00684698  d_yz
   37   3   2   0       0.01104549  d_z2
   37   3   2   1       0.01215003  d_xz
   37   3   2   2       0.01116504  d_x2-y2
   38   1   0   0       1.84998240  s
   38   2   1  -1       1.36883036  p_y
   38   2   1   0       1.42067465  p_z
   38   2   1   1       1.41159090  p_x
   38   3   2  -2       0.00695825  d_xy
   38   3   2  -1       0.01121897  d_yz
   38   3   2   0       0.01517342  d_z2
   38   3   2   1       0.00937501  d_xz
   38   3   2   2       0.01453730  d_x2-y2
   39   1   0   0       1.86098055  s
   39   2   1  -1       1.39324103  p_y
   39   2   1   0       1.32007891  p_z
   39   2   1   1       1.46678909  p_x
   39   3   2  -2       0.01113599  d_xy
   39   3   2  -1       0.01362225  d_yz
   39   3   2   0       0.01256463  d_z2
   39   3   2   1       0.00900145  d_xz
   39   3   2   2       0.01420335  d_x2-y2
   40   1   0   0       1.85537843  s
   40   2   1  -1       1.45197958  p_y
   40   2   1   0       1.38130508  p_z
   40   2   1   1       1.32031880  p_x
   40   3   2  -2       0.00754847  d_xy
   40   3   2  -1       0.00612910  d_yz
   40   3   2   0       0.01025403  d_z2
   40   3   2   1       0.00660736  d_xz
   40   3   2   2       0.01006301  d_x2-y2
   41   1   0   0       1.94250652  s
   41   2   1  -1       1.74036779  p_y
   41   2   1   0       1.71767966  p_z
   41   2   1   1       1.74170638  p_x
   41   3   2  -2       0.00401560  d_xy
   41   3   2  -1      -0.00064385  d_yz
   41   3   2   0      -0.00326740  d_z2
   41   3   2   1       0.00122697  d_xz
   41   3   2   2       0.00237430  d_x2-y2
   42   1   0   0       1.94430460  s
   42   2   1  -1       1.75658598  p_y
   42   2   1   0       1.71761255  p_z
   42   2   1   1       1.71768062  p_x
   42   3   2  -2       0.00165254  d_xy
   42   3   2  -1       0.00391567  d_yz
   42   3   2   0      -0.01104836  d_z2
   42   3   2   1      -0.00114233  d_xz
   42   3   2   2      -0.00225123  d_x2-y2
   43   1   0   0       1.94512595  s
   43   2   1  -1       1.74983239  p_y
   43   2   1   0       1.74135206  p_z
   43   2   1   1       1.69659002  p_x
   43   3   2  -2      -0.00874988  d_xy
   43   3   2  -1       0.00517923  d_yz
   43   3   2   0       0.00168750  d_z2
   43   3   2   1      -0.00163627  d_xz
   43   3   2   2      -0.00107919  d_x2-y2
   44   1   0   0       1.94525071  s
   44   2   1  -1       1.73120582  p_y
   44   2   1   0       1.74952612  p_z
   44   2   1   1       1.73105957  p_x
   44   3   2  -2      -0.00191281  d_xy
   44   3   2  -1       0.00290954  d_yz
   44   3   2   0       0.00287274  d_z2
   44   3   2   1       0.00319847  d_xz
   44   3   2   2       0.00281144  d_x2-y2
   45   1   0   0       1.94536018  s
   45   2   1  -1       1.73855464  p_y
   45   2   1   0       1.74748041  p_z
   45   2   1   1       1.69196205  p_x
   45   3   2  -2      -0.00192438  d_xy
   45   3   2  -1       0.00278263  d_yz
   45   3   2   0       0.00033609  d_z2
   45   3   2   1      -0.00154668  d_xz
   45   3   2   2       0.00058739  d_x2-y2
   46   1   0   0       1.94442401  s
   46   2   1  -1       1.73415262  p_y
   46   2   1   0       1.72407333  p_z
   46   2   1   1       1.73571752  p_x
   46   3   2  -2       0.00382590  d_xy
   46   3   2  -1      -0.00599942  d_yz
   46   3   2   0      -0.00038194  d_z2
   46   3   2   1      -0.00070749  d_xz
   46   3   2   2      -0.00104827  d_x2-y2
   47   1   0   0       1.94225957  s
   47   2   1  -1       1.73412819  p_y
   47   2   1   0       1.72705275  p_z
   47   2   1   1       1.72135324  p_x
   47   3   2  -2       0.00153739  d_xy
   47   3   2  -1      -0.00151227  d_yz
   47   3   2   0      -0.00650368  d_z2
   47   3   2   1       0.00097121  d_xz
   47   3   2   2      -0.00512182  d_x2-y2
   48   1   0   0       1.94228911  s
   48   2   1  -1       1.74541788  p_y
   48   2   1   0       1.71257733  p_z
   48   2   1   1       1.73024884  p_x
   48   3   2  -2       0.00294384  d_xy
   48   3   2  -1      -0.00011622  d_yz
   48   3   2   0      -0.01097016  d_z2
   48   3   2   1       0.00202589  d_xz
   48   3   2   2       0.00282055  d_x2-y2

Fermi level:                        -0.1407485202 H           -3.8300 eV
Band energy:                       -72.8106869263 H        -1981.2796 eV
TS:                                  0.0000000000 H            0.0000 eV
Band free energy (E-TS):           -72.8106869263 H        -1981.2796 eV
Extrapolated E(0K):                -72.8106869263 H        -1981.2796 eV
Input / Output electrons (q):    192.0000000000    192.0000000000

Energy H0:                         -74.8731662501 H        -2037.4025 eV
Energy SCC:                          0.0375020477 H            1.0205 eV
Total Electronic energy:           -74.8356642024 H        -2036.3820 eV
Repulsive energy:                    0.4994659178 H           13.5912 eV
Total energy:                      -74.3361982845 H        -2022.7909 eV
Extrapolated to 0:                 -74.3361982845 H        -2022.7909 eV
Total Mermin free energy:          -74.3361982845 H        -2022.7909 eV
Force related energy:              -74.3361982845 H        -2022.7909 eV

Atom resolved electronic energies 
    1     -0.31624934 H       -8.605582 eV
    2     -0.30146680 H       -8.203329 eV
    3     -0.29907097 H       -8.138135 eV
    4     -0.29953906 H       -8.150873 eV
    5     -0.30152454 H       -8.204900 eV
    6     -0.29820077 H       -8.114456 eV
    7     -0.29190609 H       -7.943169 eV
    8     -0.27826878 H       -7.572079 eV
    9     -0.30028323 H       -8.171122 eV
   10     -0.25839874 H       -7.031388 eV
   11     -0.29479968 H       -8.021907 eV
   12     -0.30620980 H       -8.332393 eV
   13     -0.31135385 H       -8.472369 eV
   14     -0.29738481 H       -8.092252 eV
   15     -0.28032803 H       -7.628114 eV
   16     -0.21528808 H       -5.858287 eV
   17     -0.28503025 H       -7.756068 eV
   18     -0.29323420 H       -7.979308 eV
   19     -0.30203270 H       -8.218728 eV
   20     -0.29733283 H       -8.090838 eV
   21     -1.87421481 H      -50.999980 eV
   22     -1.87489388 H      -51.018458 eV
   23     -1.87541837 H      -51.032730 eV
   24     -1.88442886 H      -51.277918 eV
   25     -2.24680970 H      -61.138803 eV
   26     -2.24959089 H      -61.214483 eV
   27     -2.24464646 H      -61.079938 eV
   28     -2.25022453 H      -61.231725 eV
   29     -2.25469720 H      -61.353432 eV
   30     -2.24823595 H      -61.177613 eV
   31     -2.24668015 H      -61.135277 eV
   32     -2.24955841 H      -61.213599 eV
   33     -2.24450771 H      -61.076162 eV
   34     -2.25182647 H      -61.275316 eV
   35     -2.24576874 H      -61.110477 eV
   36     -2.24784823 H      -61.167063 eV
   37     -2.25128560 H      -61.260598 eV
   38     -2.25339540 H      -61.318009 eV
   39     -2.25746561 H      -61.428765 eV
   40     -2.24656059 H      -61.132024 eV
   41     -3.19010327 H      -86.807127 eV
   42     -3.18887644 H      -86.773743 eV
   43     -3.18803794 H      -86.750926 eV
   44     -3.19465993 H      -86.931120 eV
   45     -3.18632580 H      -86.704336 eV
   46     -3.18919238 H      -86.782340 eV
   47     -3.18447527 H      -86.653981 eV
   48     -3.18803304 H      -86.750793 eV

Atom resolved repulsive energies 
    1      0.00087628 H        0.023845 eV
    2      0.00131395 H        0.035754 eV
    3      0.00014395 H        0.003917 eV
    4      0.00125301 H        0.034096 eV
    5      0.00062366 H        0.016971 eV
    6      0.00018283 H        0.004975 eV
    7      0.00093385 H        0.025411 eV
    8      0.00000062 H        0.000017 eV
    9      0.00024951 H        0.006789 eV
   10      0.01566831 H        0.426356 eV
   11      0.00191606 H        0.052139 eV
   12      0.00205468 H        0.055911 eV
   13      0.00136649 H        0.037184 eV
   14      0.00018299 H        0.004979 eV
   15      0.00272627 H        0.074186 eV
   16      0.01776294 H        0.483354 eV
   17      0.00059098 H        0.016081 eV
   18      0.00017960 H        0.004887 eV
   19      0.00098292 H        0.026747 eV
   20      0.00124119 H        0.033775 eV
   21      0.05548015 H        1.509692 eV
   22      0.05604526 H        1.525069 eV
   23      0.05636483 H        1.533765 eV
   24      0.05671768 H        1.543367 eV
   25      0.01383472 H        0.376462 eV
   26      0.01372270 H        0.373414 eV
   27      0.01361067 H        0.370365 eV
   28      0.01431205 H        0.389451 eV
   29      0.01341192 H        0.364957 eV
   30      0.01455184 H        0.395976 eV
   31      0.01327452 H        0.361218 eV
   32      0.01480698 H        0.402918 eV
   33      0.01319737 H        0.359119 eV
   34      0.01505606 H        0.409696 eV
   35      0.01466000 H        0.398919 eV
   36      0.01345140 H        0.366031 eV
   37      0.01493007 H        0.406268 eV
   38      0.01448165 H        0.394066 eV
   39      0.01446212 H        0.393534 eV
   40      0.01284382 H        0.349498 eV
   41      0.00000000 H        0.000000 eV
   42      0.00000000 H        0.000000 eV
   43      0.00000000 H        0.000000 eV
   44      0.00000000 H        0.000000 eV
   45      0.00000000 H        0.000000 eV
   46      0.00000000 H        0.000000 eV
   47      0.00000000 H        0.000000 eV
   48      0.00000000 H        0.000000 eV

Atom resolved total energies 
    1     -0.31537306 H       -8.581738 eV
    2     -0.30015285 H       -8.167575 eV
    3     -0.29892702 H       -8.134218 eV
    4     -0.29828605 H       -8.116776 eV
    5     -0.30090087 H       -8.187929 eV
    6     -0.29801794 H       -8.109481 eV
    7     -0.29097224 H       -7.917757 eV
    8     -0.27826817 H       -7.572062 eV
    9     -0.30003372 H       -8.164333 eV
   10     -0.24273043 H       -6.605031 eV
   11     -0.29288362 H       -7.969769 eV
   12     -0.30415512 H       -8.276482 eV
   13     -0.30998737 H       -8.435185 eV
   14     -0.29720182 H       -8.087273 eV
   15     -0.27760176 H       -7.553928 eV
   16     -0.19752514 H       -5.374933 eV
   17     -0.28443928 H       -7.739987 eV
   18     -0.29305460 H       -7.974421 eV
   19     -0.30104978 H       -8.191981 eV
   20     -0.29609164 H       -8.057063 eV
   21     -1.81873467 H      -49.490288 eV
   22     -1.81884861 H      -49.493389 eV
   23     -1.81905354 H      -49.498965 eV
   24     -1.82771118 H      -49.734552 eV
   25     -2.23297498 H      -60.762341 eV
   26     -2.23586820 H      -60.841069 eV
   27     -2.23103579 H      -60.709573 eV
   28     -2.23591247 H      -60.842274 eV
   29     -2.24128528 H      -60.988475 eV
   30     -2.23368411 H      -60.781637 eV
   31     -2.23340563 H      -60.774059 eV
   32     -2.23475143 H      -60.810680 eV
   33     -2.23131034 H      -60.717044 eV
   34     -2.23677042 H      -60.865620 eV
   35     -2.23110873 H      -60.711558 eV
   36     -2.23439684 H      -60.801031 eV
   37     -2.23635552 H      -60.854330 eV
   38     -2.23891375 H      -60.923943 eV
   39     -2.24300349 H      -61.035230 eV
   40     -2.23371677 H      -60.782526 eV
   41     -3.19010327 H      -86.807127 eV
   42     -3.18887644 H      -86.773743 eV
   43     -3.18803794 H      -86.750926 eV
   44     -3.19465993 H      -86.931120 eV
   45     -3.18632580 H      -86.704336 eV
   46     -3.18919238 H      -86.782340 eV
   47     -3.18447527 H      -86.653981 eV
   48     -3.18803304 H      -86.750793 eV

SCC converged

Total Forces
    1     -0.003759475115     -0.004995655069      0.008715833940
    2     -0.004550344631      0.012963645011     -0.005657743460
    3      0.002912601667     -0.004560626509     -0.013482112959
    4     -0.003685270198      0.003480462776      0.013494659023
    5     -0.003436371333      0.011494764421     -0.009912767895
    6      0.006614870172      0.003330106235      0.006978473534
    7     -0.010084405264     -0.005828303484      0.007598552867
    8      0.000117103737     -0.006302908293     -0.002412498994
    9      0.001427674270     -0.008107898736     -0.005958664625
   10      0.100454113404     -0.056253793964     -0.066323421083
   11     -0.009068036851     -0.009299737981      0.005570872786
   12      0.006636394818      0.005405058724      0.013192553224
   13     -0.005508900445     -0.010442810873      0.003125624609
   14     -0.008782713570      0.006001517521     -0.004559367062
   15     -0.012158377668      0.006946103027     -0.008211034142
   16     -0.077828904589      0.052672709932      0.082280414784
   17      0.000896711000      0.008682930300     -0.005912396882
   18     -0.001074553996     -0.003588115264     -0.008464215992
   19      0.010599108040      0.005569938362      0.003967753175
   20     -0.011204479101     -0.002287203379     -0.000728433720
   21      0.005611369602     -0.000540879078     -0.002009751523
   22      0.009791746414      0.002617687467     -0.002652893873
   23     -0.003851580527     -0.000759722352     -0.003673244288
   24      0.005576674564      0.015158212413     -0.000765981250
   25      0.020442366233     -0.017069618066      0.012079875013
   26     -0.018250561442      0.021322556082      0.024143822384
   27     -0.019757314659     -0.019768884059     -0.019967441690
   28      0.017156907244      0.019953756874     -0.025323540907
   29      0.022502637165      0.013722987982     -0.008730633048
   30      0.029356441952     -0.019506637673      0.019519001257
   31     -0.020538058449     -0.019639307317     -0.020429612439
   32     -0.023008870168      0.010248388538      0.022550866949
   33     -0.016968021668      0.012767195241      0.020847706241
   34      0.009343723128      0.027053994781     -0.019504652548
   35     -0.015513338672     -0.018208677030     -0.019341416252
   36      0.016732678796     -0.023163246506      0.008602324445
   37      0.022283993530      0.015112711577     -0.007433608387
   38      0.005044402403     -0.023788908840      0.006316851814
   39     -0.021120261851     -0.013615132249     -0.008640600602
   40     -0.014639803423      0.022458365935      0.010317334670
   41      0.003756042311     -0.015078526508      0.000175710479
   42      0.012897756290      0.005364882721     -0.007393182463
   43     -0.000688457960      0.006985113948     -0.000551980785
   44      0.002292836600      0.010099690448      0.012303917298
   45      0.000817502279     -0.009254406591     -0.006333246455
   46     -0.001654429301     -0.000646547550      0.004109466128
   47     -0.000089095170      0.003202848240     -0.006375958232
   48     -0.006044029567     -0.009908081185      0.004858786936

Total stress tensor
     -0.000088516379     -0.000021984598     -0.000032361562
     -0.000021984212     -0.000095716790      0.000022137635
     -0.000032361423      0.000022137857     -0.000103912300

Total lattice derivs
      0.030968215978      0.007691500512      0.011321970494
      0.007691365512      0.033487341936     -0.007745042077
      0.011321921969     -0.007745119707      0.036354611366

Maximal derivative component:        0.100454E+00 au

Volume:                              0.654393E+04 au^3
Pressure:                           -0.960485E-04 au    -0.282584E+10 Pa

Warning: dipole moment is not defined absolutely!
Dipole moment:   -5.81439831   -0.15430509   -0.91800446 au
Dipole moment:  -14.77872758   -0.39220446   -2.33333478 Debye


