 Fermi distribution function

Calculation with static geometry


********************************************************************************
 iSCC Total electronic   Diff electronic      SCC error    
   23   -0.74969222E+02    0.42632564E-13    0.48561044E-10
********************************************************************************

 Total charge:     0.00000000

 Atomic gross charges (e)
 Atom           Charge
    1      -0.01250373
    2       0.01357476
    3       0.02472957
    4       0.02726586
    5       0.02365352
    6       0.03153777
    7       0.03615953
    8       0.13901476
    9       0.03119186
   10       0.17291181
   11       0.03557328
   12       0.00922535
   13      -0.01048540
   14       0.01861885
   15       0.15396677
   16      -0.06264095
   17       0.06022684
   18       0.03817711
   19       0.02416359
   20       0.04959260
   21       0.34126709
   22       0.35439768
   23       0.34664897
   24       0.31042864
   25      -0.06090260
   26      -0.04700236
   27      -0.02810022
   28      -0.07853337
   29      -0.11524394
   30      -0.09753124
   31      -0.02959834
   32      -0.09035512
   33      -0.05485708
   34      -0.10955970
   35      -0.08454578
   36      -0.05304465
   37      -0.09624218
   38      -0.05599128
   39      -0.02783464
   40      -0.03535170
   41      -0.17576618
   42      -0.12683583
   43      -0.11616792
   44      -0.16420745
   45      -0.12355621
   46      -0.13819438
   47      -0.11501365
   48      -0.13226030

Nr. of electrons (up):    192.00000000
Atom populations (up)
 Atom       Population
    1       1.01250373
    2       0.98642524
    3       0.97527043
    4       0.97273414
    5       0.97634648
    6       0.96846223
    7       0.96384047
    8       0.86098524
    9       0.96880814
   10       0.82708819
   11       0.96442672
   12       0.99077465
   13       1.01048540
   14       0.98138115
   15       0.84603323
   16       1.06264095
   17       0.93977316
   18       0.96182289
   19       0.97583641
   20       0.95040740
   21       4.65873291
   22       4.64560232
   23       4.65335103
   24       4.68957136
   25       6.06090260
   26       6.04700236
   27       6.02810022
   28       6.07853337
   29       6.11524394
   30       6.09753124
   31       6.02959834
   32       6.09035512
   33       6.05485708
   34       6.10955970
   35       6.08454578
   36       6.05304465
   37       6.09624218
   38       6.05599128
   39       6.02783464
   40       6.03535170
   41       7.17576618
   42       7.12683583
   43       7.11616792
   44       7.16420745
   45       7.12355621
   46       7.13819438
   47       7.11501365
   48       7.13226030

l-shell populations (up)
 Atom Sh.   l       Population
    1   1   0       0.37766434
    1   2   1       0.63483939
    2   1   0       0.37075884
    2   2   1       0.61566640
    3   1   0       0.36129302
    3   2   1       0.61397741
    4   1   0       0.36154656
    4   2   1       0.61118757
    5   1   0       0.36226786
    5   2   1       0.61407863
    6   1   0       0.35880448
    6   2   1       0.60965774
    7   1   0       0.35469508
    7   2   1       0.60914539
    8   1   0       0.31603678
    8   2   1       0.54494846
    9   1   0       0.36493741
    9   2   1       0.60387073
   10   1   0       0.28547220
   10   2   1       0.54161599
   11   1   0       0.37034766
   11   2   1       0.59407906
   12   1   0       0.37073456
   12   2   1       0.62004009
   13   1   0       0.38958187
   13   2   1       0.62090353
   14   1   0       0.36114080
   14   2   1       0.62024034
   15   1   0       0.30996157
   15   2   1       0.53607166
   16   1   0       0.32471177
   16   2   1       0.73792918
   17   1   0       0.34941546
   17   2   1       0.59035771
   18   1   0       0.36010980
   18   2   1       0.60171310
   19   1   0       0.36499292
   19   2   1       0.61084348
   20   1   0       0.35752803
   20   2   1       0.59287937
   21   1   0       1.49819965
   21   2   1       2.78728905
   21   3   2       0.37324421
   22   1   0       1.49321905
   22   2   1       2.77322146
   22   3   2       0.37916182
   23   1   0       1.49334944
   23   2   1       2.77513664
   23   3   2       0.38486496
   24   1   0       1.51709603
   24   2   1       2.78434824
   24   3   2       0.38812710
   25   1   0       1.85222505
   25   2   1       4.16739381
   25   3   2       0.04128375
   26   1   0       1.85053091
   26   2   1       4.15047738
   26   3   2       0.04599407
   27   1   0       1.84897532
   27   2   1       4.13394680
   27   3   2       0.04517810
   28   1   0       1.84998644
   28   2   1       4.18591329
   28   3   2       0.04263364
   29   1   0       1.86429418
   29   2   1       4.20919130
   29   3   2       0.04175846
   30   1   0       1.84671947
   30   2   1       4.21095901
   30   3   2       0.03985276
   31   1   0       1.84917604
   31   2   1       4.13586353
   31   3   2       0.04455877
   32   1   0       1.84912357
   32   2   1       4.19523855
   32   3   2       0.04599300
   33   1   0       1.84650456
   33   2   1       4.16222715
   33   3   2       0.04612537
   34   1   0       1.84795612
   34   2   1       4.22122702
   34   3   2       0.04037657
   35   1   0       1.84318720
   35   2   1       4.20250701
   35   3   2       0.03885157
   36   1   0       1.85095639
   36   2   1       4.15330916
   36   3   2       0.04877911
   37   1   0       1.85580781
   37   2   1       4.19372537
   37   3   2       0.04670900
   38   1   0       1.87550478
   38   2   1       4.10293827
   38   3   2       0.07754824
   39   1   0       1.83938092
   39   2   1       3.85829074
   39   3   2       0.33016298
   40   1   0       1.85545534
   40   2   1       4.13794007
   40   3   2       0.04195629
   41   1   0       1.94152342
   41   2   1       5.22604623
   41   3   2       0.00819652
   42   1   0       1.94435349
   42   2   1       5.19207945
   42   3   2      -0.00959712
   43   1   0       1.94451085
   43   2   1       5.17937468
   43   3   2      -0.00771761
   44   1   0       1.94519762
   44   2   1       5.20822991
   44   3   2       0.01077992
   45   1   0       1.94538244
   45   2   1       5.17856002
   45   3   2      -0.00038625
   46   1   0       1.94459016
   46   2   1       5.19777827
   46   3   2      -0.00417405
   47   1   0       1.94254402
   47   2   1       5.18488754
   47   3   2      -0.01241792
   48   1   0       1.94276029
   48   2   1       5.19212900
   48   3   2      -0.00262900

Orbital populations (up)
 Atom Sh.   l   m       Population  Label
    1   1   0   0       0.37766434  s
    1   2   1  -1       0.22098914  p_y
    1   2   1   0       0.20186366  p_z
    1   2   1   1       0.21198659  p_x
    2   1   0   0       0.37075884  s
    2   2   1  -1       0.17305429  p_y
    2   2   1   0       0.23498978  p_z
    2   2   1   1       0.20762234  p_x
    3   1   0   0       0.36129302  s
    3   2   1  -1       0.20934235  p_y
    3   2   1   0       0.19997454  p_z
    3   2   1   1       0.20466052  p_x
    4   1   0   0       0.36154656  s
    4   2   1  -1       0.22404867  p_y
    4   2   1   0       0.17342927  p_z
    4   2   1   1       0.21370964  p_x
    5   1   0   0       0.36226786  s
    5   2   1  -1       0.19916844  p_y
    5   2   1   0       0.20009928  p_z
    5   2   1   1       0.21481091  p_x
    6   1   0   0       0.35880448  s
    6   2   1  -1       0.18661748  p_y
    6   2   1   0       0.22410945  p_z
    6   2   1   1       0.19893081  p_x
    7   1   0   0       0.35469508  s
    7   2   1  -1       0.20913715  p_y
    7   2   1   0       0.22053315  p_z
    7   2   1   1       0.17947509  p_x
    8   1   0   0       0.31603678  s
    8   2   1  -1       0.16612172  p_y
    8   2   1   0       0.18457706  p_z
    8   2   1   1       0.19424968  p_x
    9   1   0   0       0.36493741  s
    9   2   1  -1       0.20585590  p_y
    9   2   1   0       0.18916591  p_z
    9   2   1   1       0.20884893  p_x
   10   1   0   0       0.28547220  s
   10   2   1  -1       0.19807152  p_y
   10   2   1   0       0.16124463  p_z
   10   2   1   1       0.18229985  p_x
   11   1   0   0       0.37034766  s
   11   2   1  -1       0.20959778  p_y
   11   2   1   0       0.19062640  p_z
   11   2   1   1       0.19385489  p_x
   12   1   0   0       0.37073456  s
   12   2   1  -1       0.21195161  p_y
   12   2   1   0       0.20507174  p_z
   12   2   1   1       0.20301674  p_x
   13   1   0   0       0.38958187  s
   13   2   1  -1       0.16402727  p_y
   13   2   1   0       0.21513754  p_z
   13   2   1   1       0.24173871  p_x
   14   1   0   0       0.36114080  s
   14   2   1  -1       0.18963061  p_y
   14   2   1   0       0.20951007  p_z
   14   2   1   1       0.22109966  p_x
   15   1   0   0       0.30996157  s
   15   2   1  -1       0.18177158  p_y
   15   2   1   0       0.18628967  p_z
   15   2   1   1       0.16801041  p_x
   16   1   0   0       0.32471177  s
   16   2   1  -1       0.07350467  p_y
   16   2   1   0       0.35589919  p_z
   16   2   1   1       0.30852532  p_x
   17   1   0   0       0.34941546  s
   17   2   1  -1       0.18143719  p_y
   17   2   1   0       0.21321169  p_z
   17   2   1   1       0.19570882  p_x
   18   1   0   0       0.36010980  s
   18   2   1  -1       0.21610978  p_y
   18   2   1   0       0.16741723  p_z
   18   2   1   1       0.21818609  p_x
   19   1   0   0       0.36499292  s
   19   2   1  -1       0.20975585  p_y
   19   2   1   0       0.19579163  p_z
   19   2   1   1       0.20529600  p_x
   20   1   0   0       0.35752803  s
   20   2   1  -1       0.23368138  p_y
   20   2   1   0       0.19357760  p_z
   20   2   1   1       0.16562040  p_x
   21   1   0   0       1.49819965  s
   21   2   1  -1       0.92554822  p_y
   21   2   1   0       0.94169724  p_z
   21   2   1   1       0.92004359  p_x
   21   3   2  -2       0.08251913  d_xy
   21   3   2  -1       0.07005840  d_yz
   21   3   2   0       0.07488104  d_z2
   21   3   2   1       0.07464221  d_xz
   21   3   2   2       0.07114343  d_x2-y2
   22   1   0   0       1.49321905  s
   22   2   1  -1       0.91512741  p_y
   22   2   1   0       0.92488530  p_z
   22   2   1   1       0.93320875  p_x
   22   3   2  -2       0.07647117  d_xy
   22   3   2  -1       0.08237795  d_yz
   22   3   2   0       0.07334060  d_z2
   22   3   2   1       0.07035893  d_xz
   22   3   2   2       0.07661316  d_x2-y2
   23   1   0   0       1.49334944  s
   23   2   1  -1       0.93626944  p_y
   23   2   1   0       0.92344009  p_z
   23   2   1   1       0.91542711  p_x
   23   3   2  -2       0.07324159  d_xy
   23   3   2  -1       0.07245591  d_yz
   23   3   2   0       0.07023476  d_z2
   23   3   2   1       0.08831827  d_xz
   23   3   2   2       0.08061443  d_x2-y2
   24   1   0   0       1.51709603  s
   24   2   1  -1       0.94635374  p_y
   24   2   1   0       0.91432075  p_z
   24   2   1   1       0.92367375  p_x
   24   3   2  -2       0.06896671  d_xy
   24   3   2  -1       0.07571493  d_yz
   24   3   2   0       0.07778272  d_z2
   24   3   2   1       0.07869880  d_xz
   24   3   2   2       0.08696395  d_x2-y2
   25   1   0   0       1.85222505  s
   25   2   1  -1       1.36662785  p_y
   25   2   1   0       1.45535531  p_z
   25   2   1   1       1.34541064  p_x
   25   3   2  -2       0.00292010  d_xy
   25   3   2  -1       0.00900112  d_yz
   25   3   2   0       0.01226273  d_z2
   25   3   2   1       0.00815164  d_xz
   25   3   2   2       0.00894817  d_x2-y2
   26   1   0   0       1.85053091  s
   26   2   1  -1       1.40968164  p_y
   26   2   1   0       1.40003588  p_z
   26   2   1   1       1.34075986  p_x
   26   3   2  -2       0.00992716  d_xy
   26   3   2  -1       0.00618559  d_yz
   26   3   2   0       0.01012327  d_z2
   26   3   2   1       0.00850159  d_xz
   26   3   2   2       0.01125645  d_x2-y2
   27   1   0   0       1.84897532  s
   27   2   1  -1       1.36717441  p_y
   27   2   1   0       1.39293447  p_z
   27   2   1   1       1.37383791  p_x
   27   3   2  -2       0.00779617  d_xy
   27   3   2  -1       0.00917215  d_yz
   27   3   2   0       0.01055544  d_z2
   27   3   2   1       0.00616838  d_xz
   27   3   2   2       0.01148596  d_x2-y2
   28   1   0   0       1.84998644  s
   28   2   1  -1       1.39446259  p_y
   28   2   1   0       1.45140167  p_z
   28   2   1   1       1.34004903  p_x
   28   3   2  -2       0.00570549  d_xy
   28   3   2  -1       0.00878595  d_yz
   28   3   2   0       0.01064404  d_z2
   28   3   2   1       0.00608902  d_xz
   28   3   2   2       0.01140913  d_x2-y2
   29   1   0   0       1.86429418  s
   29   2   1  -1       1.35272275  p_y
   29   2   1   0       1.45854271  p_z
   29   2   1   1       1.39792584  p_x
   29   3   2  -2       0.00370139  d_xy
   29   3   2  -1       0.00847050  d_yz
   29   3   2   0       0.00989641  d_z2
   29   3   2   1       0.00976483  d_xz
   29   3   2   2       0.00992533  d_x2-y2
   30   1   0   0       1.84671947  s
   30   2   1  -1       1.35085926  p_y
   30   2   1   0       1.44987375  p_z
   30   2   1   1       1.41022600  p_x
   30   3   2  -2       0.00300765  d_xy
   30   3   2  -1       0.00894857  d_yz
   30   3   2   0       0.01120684  d_z2
   30   3   2   1       0.00813107  d_xz
   30   3   2   2       0.00855864  d_x2-y2
   31   1   0   0       1.84917604  s
   31   2   1  -1       1.37828672  p_y
   31   2   1   0       1.38769201  p_z
   31   2   1   1       1.36988480  p_x
   31   3   2  -2       0.00929122  d_xy
   31   3   2  -1       0.00543201  d_yz
   31   3   2   0       0.01112447  d_z2
   31   3   2   1       0.00796242  d_xz
   31   3   2   2       0.01074865  d_x2-y2
   32   1   0   0       1.84912357  s
   32   2   1  -1       1.43424945  p_y
   32   2   1   0       1.34502948  p_z
   32   2   1   1       1.41595962  p_x
   32   3   2  -2       0.01354713  d_xy
   32   3   2  -1       0.00405706  d_yz
   32   3   2   0       0.00948116  d_z2
   32   3   2   1       0.00654043  d_xz
   32   3   2   2       0.01236722  d_x2-y2
   33   1   0   0       1.84650456  s
   33   2   1  -1       1.52463057  p_y
   33   2   1   0       1.27299589  p_z
   33   2   1   1       1.36460069  p_x
   33   3   2  -2       0.00870405  d_xy
   33   3   2  -1       0.00765724  d_yz
   33   3   2   0       0.01165703  d_z2
   33   3   2   1       0.00592177  d_xz
   33   3   2   2       0.01218527  d_x2-y2
   34   1   0   0       1.84795612  s
   34   2   1  -1       1.35513863  p_y
   34   2   1   0       1.34290783  p_z
   34   2   1   1       1.52318056  p_x
   34   3   2  -2       0.01150224  d_xy
   34   3   2  -1       0.00536094  d_yz
   34   3   2   0       0.00957479  d_z2
   34   3   2   1       0.00419972  d_xz
   34   3   2   2       0.00973888  d_x2-y2
   35   1   0   0       1.84318720  s
   35   2   1  -1       1.48305259  p_y
   35   2   1   0       1.35748230  p_z
   35   2   1   1       1.36197212  p_x
   35   3   2  -2       0.01040473  d_xy
   35   3   2  -1       0.00822588  d_yz
   35   3   2   0       0.00818806  d_z2
   35   3   2   1       0.00074062  d_xz
   35   3   2   2       0.01129229  d_x2-y2
   36   1   0   0       1.85095639  s
   36   2   1  -1       1.35266783  p_y
   36   2   1   0       1.48328790  p_z
   36   2   1   1       1.31735342  p_x
   36   3   2  -2       0.00613997  d_xy
   36   3   2  -1       0.00808537  d_yz
   36   3   2   0       0.01189470  d_z2
   36   3   2   1       0.01208754  d_xz
   36   3   2   2       0.01057153  d_x2-y2
   37   1   0   0       1.85580781  s
   37   2   1  -1       1.26971052  p_y
   37   2   1   0       1.47281500  p_z
   37   2   1   1       1.45119986  p_x
   37   3   2  -2       0.00383673  d_xy
   37   3   2  -1       0.00836767  d_yz
   37   3   2   0       0.01105403  d_z2
   37   3   2   1       0.01230728  d_xz
   37   3   2   2       0.01114330  d_x2-y2
   38   1   0   0       1.87550478  s
   38   2   1  -1       1.32019949  p_y
   38   2   1   0       1.47589784  p_z
   38   2   1   1       1.30684094  p_x
   38   3   2  -2       0.01179811  d_xy
   38   3   2  -1       0.01035187  d_yz
   38   3   2   0       0.01178078  d_z2
   38   3   2   1       0.02702006  d_xz
   38   3   2   2       0.01659742  d_x2-y2
   39   1   0   0       1.83938092  s
   39   2   1  -1       1.26005433  p_y
   39   2   1   0       1.20788361  p_z
   39   2   1   1       1.39035281  p_x
   39   3   2  -2       0.05148844  d_xy
   39   3   2  -1       0.12461957  d_yz
   39   3   2   0       0.02993654  d_z2
   39   3   2   1       0.10799555  d_xz
   39   3   2   2       0.01612287  d_x2-y2
   40   1   0   0       1.85545534  s
   40   2   1  -1       1.44972027  p_y
   40   2   1   0       1.36807523  p_z
   40   2   1   1       1.32014457  p_x
   40   3   2  -2       0.00951271  d_xy
   40   3   2  -1       0.00447376  d_yz
   40   3   2   0       0.01100499  d_z2
   40   3   2   1       0.00681232  d_xz
   40   3   2   2       0.01015251  d_x2-y2
   41   1   0   0       1.94152342  s
   41   2   1  -1       1.73445805  p_y
   41   2   1   0       1.69738009  p_z
   41   2   1   1       1.79420809  p_x
   41   3   2  -2       0.00452472  d_xy
   41   3   2  -1      -0.00160929  d_yz
   41   3   2   0      -0.00240033  d_z2
   41   3   2   1       0.00353712  d_xz
   41   3   2   2       0.00414430  d_x2-y2
   42   1   0   0       1.94435349  s
   42   2   1  -1       1.75696562  p_y
   42   2   1   0       1.71731480  p_z
   42   2   1   1       1.71779903  p_x
   42   3   2  -2       0.00167578  d_xy
   42   3   2  -1       0.00363135  d_yz
   42   3   2   0      -0.01107341  d_z2
   42   3   2   1      -0.00118856  d_xz
   42   3   2   2      -0.00264229  d_x2-y2
   43   1   0   0       1.94451085  s
   43   2   1  -1       1.74404956  p_y
   43   2   1   0       1.74231419  p_z
   43   2   1   1       1.69301094  p_x
   43   3   2  -2      -0.00819476  d_xy
   43   3   2  -1       0.00426961  d_yz
   43   3   2   0       0.00087083  d_z2
   43   3   2   1      -0.00166549  d_xz
   43   3   2   2      -0.00299780  d_x2-y2
   44   1   0   0       1.94519762  s
   44   2   1  -1       1.73280712  p_y
   44   2   1   0       1.74598751  p_z
   44   2   1   1       1.72943528  p_x
   44   3   2  -2      -0.00187825  d_xy
   44   3   2  -1       0.00292557  d_yz
   44   3   2   0       0.00364124  d_z2
   44   3   2   1       0.00341128  d_xz
   44   3   2   2       0.00268008  d_x2-y2
   45   1   0   0       1.94538244  s
   45   2   1  -1       1.73816798  p_y
   45   2   1   0       1.74757219  p_z
   45   2   1   1       1.69281985  p_x
   45   3   2  -2      -0.00198082  d_xy
   45   3   2  -1       0.00250706  d_yz
   45   3   2   0       0.00038212  d_z2
   45   3   2   1      -0.00178823  d_xz
   45   3   2   2       0.00049362  d_x2-y2
   46   1   0   0       1.94459016  s
   46   2   1  -1       1.73562277  p_y
   46   2   1   0       1.72529393  p_z
   46   2   1   1       1.73686158  p_x
   46   3   2  -2       0.00396059  d_xy
   46   3   2  -1      -0.00601103  d_yz
   46   3   2   0      -0.00028876  d_z2
   46   3   2   1      -0.00075309  d_xz
   46   3   2   2      -0.00108176  d_x2-y2
   47   1   0   0       1.94254402  s
   47   2   1  -1       1.73448151  p_y
   47   2   1   0       1.73055609  p_z
   47   2   1   1       1.71984994  p_x
   47   3   2  -2       0.00005716  d_xy
   47   3   2  -1      -0.00174388  d_yz
   47   3   2   0      -0.00788527  d_z2
   47   3   2   1       0.00326223  d_xz
   47   3   2   2      -0.00610816  d_x2-y2
   48   1   0   0       1.94276029  s
   48   2   1  -1       1.74597057  p_y
   48   2   1   0       1.71518305  p_z
   48   2   1   1       1.73097538  p_x
   48   3   2  -2       0.00310295  d_xy
   48   3   2  -1      -0.00037773  d_yz
   48   3   2   0      -0.01061613  d_z2
   48   3   2   1       0.00216516  d_xz
   48   3   2   2       0.00309675  d_x2-y2

Fermi level:                        -0.1774849659 H           -4.8296 eV
Band energy:                       -73.3445779019 H        -1995.8075 eV
TS:                                  0.0000061623 H            0.0002 eV
Band free energy (E-TS):           -73.3445840643 H        -1995.8077 eV
Extrapolated E(0K):                -73.3445809831 H        -1995.8076 eV
Input / Output electrons (q):    192.0000000000    192.0000000000

Energy H0:                         -75.0076978917 H        -2041.0633 eV
Energy SCC:                          0.0384762746 H            1.0470 eV
Total Electronic energy:           -74.9692216172 H        -2040.0163 eV
Repulsive energy:                    1.1454494274 H           31.1693 eV
Total energy:                      -73.8237721897 H        -2008.8471 eV
Extrapolated to 0:                 -73.8237752709 H        -2008.8471 eV
Total Mermin free energy:          -73.8237783521 H        -2008.8472 eV
Force related energy:              -73.8237783521 H        -2008.8472 eV

Atom resolved electronic energies 
    1     -0.31749977 H       -8.639608 eV
    2     -0.30084541 H       -8.186420 eV
    3     -0.29961119 H       -8.152835 eV
    4     -0.29974423 H       -8.156456 eV
    5     -0.30215533 H       -8.222065 eV
    6     -0.29811930 H       -8.112239 eV
    7     -0.29475737 H       -8.020756 eV
    8     -0.27498465 H       -7.482713 eV
    9     -0.29882326 H       -8.131395 eV
   10     -0.25800724 H       -7.020734 eV
   11     -0.29678879 H       -8.076034 eV
   12     -0.30655923 H       -8.341901 eV
   13     -0.31145807 H       -8.475205 eV
   14     -0.29759389 H       -8.097942 eV
   15     -0.26904289 H       -7.321030 eV
   16     -0.27060252 H       -7.363469 eV
   17     -0.28574904 H       -7.775627 eV
   18     -0.29326118 H       -7.980043 eV
   19     -0.30432985 H       -8.281237 eV
   20     -0.29523330 H       -8.033707 eV
   21     -1.87365857 H      -50.984844 eV
   22     -1.87416671 H      -50.998671 eV
   23     -1.87484106 H      -51.017021 eV
   24     -1.90388365 H      -51.807310 eV
   25     -2.24628898 H      -61.124633 eV
   26     -2.24678942 H      -61.138251 eV
   27     -2.24473214 H      -61.082269 eV
   28     -2.24916734 H      -61.202957 eV
   29     -2.25110790 H      -61.255763 eV
   30     -2.24892518 H      -61.196368 eV
   31     -2.24613368 H      -61.120407 eV
   32     -2.24815836 H      -61.175501 eV
   33     -2.24443148 H      -61.074088 eV
   34     -2.25124857 H      -61.259590 eV
   35     -2.24223546 H      -61.014331 eV
   36     -2.24768807 H      -61.162704 eV
   37     -2.25134192 H      -61.262131 eV
   38     -2.24640323 H      -61.127742 eV
   39     -2.34409684 H      -63.786120 eV
   40     -2.24500588 H      -61.089718 eV
   41     -3.19420799 H      -86.918822 eV
   42     -3.18900018 H      -86.777110 eV
   43     -3.18498897 H      -86.667959 eV
   44     -3.19428759 H      -86.920988 eV
   45     -3.18647585 H      -86.708420 eV
   46     -3.19027938 H      -86.811919 eV
   47     -3.18490466 H      -86.665665 eV
   48     -3.18960606 H      -86.793597 eV

Atom resolved repulsive energies 
    1      0.00055257 H        0.015036 eV
    2      0.00138116 H        0.037583 eV
    3      0.00014395 H        0.003917 eV
    4      0.00125301 H        0.034096 eV
    5      0.00062366 H        0.016971 eV
    6      0.00018283 H        0.004975 eV
    7      0.00093385 H        0.025411 eV
    8      0.00000655 H        0.000178 eV
    9      0.00024951 H        0.006789 eV
   10      0.33681091 H        9.165091 eV
   11      0.00191606 H        0.052139 eV
   12      0.00205468 H        0.055911 eV
   13      0.00136649 H        0.037184 eV
   14      0.00018299 H        0.004979 eV
   15      0.00482043 H        0.131171 eV
   16      0.34075469 H        9.272407 eV
   17      0.00059654 H        0.016233 eV
   18      0.00017960 H        0.004887 eV
   19      0.00098292 H        0.026747 eV
   20      0.00124119 H        0.033775 eV
   21      0.05548015 H        1.509692 eV
   22      0.05604526 H        1.525069 eV
   23      0.05636483 H        1.533765 eV
   24      0.05671768 H        1.543367 eV
   25      0.01383472 H        0.376462 eV
   26      0.01372270 H        0.373414 eV
   27      0.01361067 H        0.370365 eV
   28      0.01431205 H        0.389451 eV
   29      0.01341192 H        0.364957 eV
   30      0.01455184 H        0.395976 eV
   31      0.01327452 H        0.361218 eV
   32      0.01480698 H        0.402918 eV
   33      0.01319737 H        0.359119 eV
   34      0.01505606 H        0.409696 eV
   35      0.01466000 H        0.398919 eV
   36      0.01345140 H        0.366031 eV
   37      0.01493007 H        0.406268 eV
   38      0.01448165 H        0.394066 eV
   39      0.01446212 H        0.393534 eV
   40      0.01284382 H        0.349498 eV
   41      0.00000000 H        0.000000 eV
   42      0.00000000 H        0.000000 eV
   43      0.00000000 H        0.000000 eV
   44      0.00000000 H        0.000000 eV
   45      0.00000000 H        0.000000 eV
   46      0.00000000 H        0.000000 eV
   47      0.00000000 H        0.000000 eV
   48      0.00000000 H        0.000000 eV

Atom resolved total energies 
    1     -0.31694720 H       -8.624572 eV
    2     -0.29946425 H       -8.148837 eV
    3     -0.29946724 H       -8.148918 eV
    4     -0.29849122 H       -8.122359 eV
    5     -0.30153166 H       -8.205094 eV
    6     -0.29793647 H       -8.107264 eV
    7     -0.29382351 H       -7.995345 eV
    8     -0.27497809 H       -7.482535 eV
    9     -0.29857376 H       -8.124605 eV
   10      0.07880367 H        2.144357 eV
   11     -0.29487273 H       -8.023895 eV
   12     -0.30450456 H       -8.285991 eV
   13     -0.31009158 H       -8.438021 eV
   14     -0.29741090 H       -8.092962 eV
   15     -0.26422246 H       -7.189859 eV
   16      0.07015217 H        1.908938 eV
   17     -0.28515250 H       -7.759394 eV
   18     -0.29308158 H       -7.975156 eV
   19     -0.30334693 H       -8.254490 eV
   20     -0.29399211 H       -7.999932 eV
   21     -1.81817842 H      -49.475152 eV
   22     -1.81812145 H      -49.473602 eV
   23     -1.81847623 H      -49.483256 eV
   24     -1.84716597 H      -50.263943 eV
   25     -2.23245426 H      -60.748171 eV
   26     -2.23306672 H      -60.764837 eV
   27     -2.23112147 H      -60.711904 eV
   28     -2.23485528 H      -60.813506 eV
   29     -2.23769598 H      -60.890806 eV
   30     -2.23437334 H      -60.800392 eV
   31     -2.23285916 H      -60.759189 eV
   32     -2.23335138 H      -60.772583 eV
   33     -2.23123411 H      -60.714969 eV
   34     -2.23619251 H      -60.849894 eV
   35     -2.22757545 H      -60.615412 eV
   36     -2.23423668 H      -60.796673 eV
   37     -2.23641184 H      -60.855863 eV
   38     -2.23192158 H      -60.733676 eV
   39     -2.32963471 H      -63.392586 eV
   40     -2.23216206 H      -60.740220 eV
   41     -3.19420799 H      -86.918822 eV
   42     -3.18900018 H      -86.777110 eV
   43     -3.18498897 H      -86.667959 eV
   44     -3.19428759 H      -86.920988 eV
   45     -3.18647585 H      -86.708420 eV
   46     -3.19027938 H      -86.811919 eV
   47     -3.18490466 H      -86.665665 eV
   48     -3.18960606 H      -86.793597 eV

SCC converged

Total Forces
    1     -0.002759645333     -0.000341723365      0.008610408464
    2     -0.004305050196      0.012535388814     -0.005239697188
    3      0.002237034532     -0.005425891067     -0.013328776024
    4     -0.003945600512      0.003720071937      0.013308390521
    5     -0.003532051629      0.011450815636     -0.009565107294
    6      0.006523953147      0.003670962389      0.006718980460
    7     -0.006316849992     -0.008568401847      0.008558066787
    8     -0.001475762020     -0.012638352087      0.004748634744
    9      0.001143359804     -0.007025315212     -0.005702115907
   10      2.175256470886     -1.423827680913      0.201475135898
   11     -0.008733363549     -0.008867428459      0.006303870317
   12      0.006018205574      0.004921922412      0.013021272121
   13     -0.005562766997     -0.010347005866      0.003087636329
   14     -0.009377512864      0.006467412181     -0.004500107147
   15     -0.030167916403      0.012640816411      0.013417396171
   16     -2.302502689528      1.691412437236     -0.502513593615
   17      0.000383623763      0.007726949235     -0.004162389695
   18     -0.000879510153     -0.003177727009     -0.008760767417
   19      0.010545182642      0.005948732008     -0.000049003011
   20     -0.011176322388     -0.002056502612     -0.000483288581
   21      0.005542938574     -0.000475438087     -0.000603326412
   22      0.011208613820      0.003621735897     -0.004637138081
   23     -0.004362852935      0.001607902510     -0.004395814384
   24     -0.000208352286     -0.024881725354      0.003163932029
   25      0.019909137161     -0.017637627407      0.011851428969
   26     -0.016375844831      0.020691857024      0.025372485151
   27     -0.019479383941     -0.019736672316     -0.020338140373
   28      0.017230797241      0.020282605259     -0.026270715134
   29      0.023983185428      0.013474546570     -0.007007485447
   30      0.029403179529     -0.020129950278      0.020205893494
   31     -0.020795630973     -0.019992469128     -0.019874535913
   32     -0.023159678682      0.009101049075      0.022027951676
   33     -0.016828376544      0.012698236993      0.020810523394
   34      0.009282939816      0.026691184265     -0.019142579720
   35     -0.014648742798     -0.018248072436     -0.017818902610
   36      0.019650625401     -0.024404642943      0.011166608735
   37      0.020298859864      0.015155058479     -0.009127908217
   38     -0.020343476278     -0.039972160361     -0.025427483240
   39      0.180661399660     -0.225082533643      0.307114426514
   40     -0.014486770762      0.019000578745      0.005231074618
   41     -0.006574594873     -0.014863717738      0.001585758282
   42      0.012969129379      0.005013392598     -0.007290379757
   43     -0.000740630284      0.008535197713     -0.001384035733
   44      0.001802881966      0.009686406356      0.013084460219
   45      0.000837460354     -0.009334454027     -0.005735635771
   46     -0.002491460659      0.000309124854      0.003680986386
   47      0.002123931113      0.001687384580     -0.005731892556
   48     -0.005782072243     -0.011016277021      0.004545497953

Total stress tensor
      0.000920344028     -0.000688101268      0.000015538915
     -0.000688100872      0.000276057631     -0.000001351026
      0.000015540114     -0.000001351772     -0.000241516743

Total lattice derivs
     -0.321990270086      0.240738143954     -0.005436423004
      0.240738005255     -0.096581135214      0.000472668138
     -0.005436842617      0.000472929170      0.084496708866

Maximal derivative component:        0.230250E+01 au

Volume:                              0.654393E+04 au^3
Pressure:                            0.318295E-03 au     0.936456E+10 Pa

Warning: dipole moment is not defined absolutely!
Dipole moment:   -5.82552603    0.44434885   -1.46834666 au
Dipole moment:  -14.80701142    1.12942220   -3.73216525 Debye


