12  S    
Li   S    
1      1      1.144272400000000      3.432817200000001      3.432817200000001
2      1      1.144272400000000      1.144272400000000      3.432817200000001
3      1      1.144272400000000      1.144272400000000      1.144272400000000
4      1      1.144272400000000      3.432817200000001      1.144272400000000
5      1      3.432817200000001      3.432817200000001      1.144272400000000
6      1      3.432817200000001      1.144272400000000      1.144272400000000
7      1      3.432817200000001      1.144272400000000      3.432817200000001
8      1      3.432817200000001      3.432817200000001      3.432817200000001
9      2      0.000000000000000      0.000000000000000      0.000000000000000
10     2      0.000000000000000      2.288544800000000      2.288544800000000
11     2      2.288544800000000      0.000000000000000      2.288544800000000
12     2      2.288544800000000      2.288544800000000      0.000000000000000
     0.000000000000000      0.000000000000000      0.000000000000000 
     4.577089600000000      0.000000000000000      0.000000000000000 
     0.000000000000000      4.577089600000000      0.000000000000000 
     0.000000000000000      0.000000000000000      4.577089600000000 
