12  S    
Li   S    
1      1      1.573374550000000      4.720123650000001      4.720123650000001
2      1      1.573374550000000      1.573374550000000      4.720123650000001
3      1      1.573374550000000      1.573374550000000      1.573374550000000
4      1      1.573374550000000      4.720123650000001      1.573374550000000
5      1      4.720123650000001      4.720123650000001      1.573374550000000
6      1      4.720123650000001      1.573374550000000      1.573374550000000
7      1      4.720123650000001      1.573374550000000      4.720123650000001
8      1      4.720123650000001      4.720123650000001      4.720123650000001
9      2      0.000000000000000      0.000000000000000      0.000000000000000
10     2      0.000000000000000      3.146749100000000      3.146749100000000
11     2      3.146749100000000      0.000000000000000      3.146749100000000
12     2      3.146749100000000      3.146749100000000      0.000000000000000
     0.000000000000000      0.000000000000000      0.000000000000000 
     6.293498200000000      0.000000000000000      0.000000000000000 
     0.000000000000000      6.293498200000000      0.000000000000000 
     0.000000000000000      0.000000000000000      6.293498200000000 
