 Fermi distribution function

Calculation with static geometry


********************************************************************************
 iSCC Total electronic   Diff electronic      SCC error    
   23   -0.74969121E+02    0.56843419E-13    0.48871684E-10
********************************************************************************

 Total charge:     0.00000000

 Atomic gross charges (e)
 Atom           Charge
    1      -0.01249380
    2       0.01357796
    3       0.02475408
    4       0.02731345
    5       0.02365283
    6       0.03154510
    7       0.03615974
    8       0.13892957
    9       0.03121788
   10       0.17287633
   11       0.03558615
   12       0.00922948
   13      -0.01043862
   14       0.01865965
   15       0.15400364
   16      -0.06256195
   17       0.06026215
   18       0.03818898
   19       0.02418178
   20       0.04960037
   21       0.34131949
   22       0.35442328
   23       0.34670063
   24       0.31041223
   25      -0.06091287
   26      -0.04699311
   27      -0.02819762
   28      -0.07863530
   29      -0.11518301
   30      -0.09745137
   31      -0.02969844
   32      -0.09048657
   33      -0.05486393
   34      -0.10954390
   35      -0.08480780
   36      -0.05309929
   37      -0.09611021
   38      -0.05592893
   39      -0.02780988
   40      -0.03540468
   41      -0.17576347
   42      -0.12684255
   43      -0.11614666
   44      -0.16420411
   45      -0.12355163
   46      -0.13818959
   47      -0.11501922
   48      -0.13225626

Nr. of electrons (up):    192.00000000
Atom populations (up)
 Atom       Population
    1       1.01249380
    2       0.98642204
    3       0.97524592
    4       0.97268655
    5       0.97634717
    6       0.96845490
    7       0.96384026
    8       0.86107043
    9       0.96878212
   10       0.82712367
   11       0.96441385
   12       0.99077052
   13       1.01043862
   14       0.98134035
   15       0.84599636
   16       1.06256195
   17       0.93973785
   18       0.96181102
   19       0.97581822
   20       0.95039963
   21       4.65868051
   22       4.64557672
   23       4.65329937
   24       4.68958777
   25       6.06091287
   26       6.04699311
   27       6.02819762
   28       6.07863530
   29       6.11518301
   30       6.09745137
   31       6.02969844
   32       6.09048657
   33       6.05486393
   34       6.10954390
   35       6.08480780
   36       6.05309929
   37       6.09611021
   38       6.05592893
   39       6.02780988
   40       6.03540468
   41       7.17576347
   42       7.12684255
   43       7.11614666
   44       7.16420411
   45       7.12355163
   46       7.13818959
   47       7.11501922
   48       7.13225626

l-shell populations (up)
 Atom Sh.   l       Population
    1   1   0       0.37765346
    1   2   1       0.63484034
    2   1   0       0.37073843
    2   2   1       0.61568361
    3   1   0       0.36127345
    3   2   1       0.61397248
    4   1   0       0.36151667
    4   2   1       0.61116988
    5   1   0       0.36225744
    5   2   1       0.61408973
    6   1   0       0.35879060
    6   2   1       0.60966430
    7   1   0       0.35469522
    7   2   1       0.60914504
    8   1   0       0.31608476
    8   2   1       0.54498567
    9   1   0       0.36490294
    9   2   1       0.60387918
   10   1   0       0.28546358
   10   2   1       0.54166009
   11   1   0       0.37033475
   11   2   1       0.59407911
   12   1   0       0.37072267
   12   2   1       0.62004785
   13   1   0       0.38953698
   13   2   1       0.62090164
   14   1   0       0.36110735
   14   2   1       0.62023299
   15   1   0       0.30996027
   15   2   1       0.53603609
   16   1   0       0.32463751
   16   2   1       0.73792443
   17   1   0       0.34941952
   17   2   1       0.59031833
   18   1   0       0.36008640
   18   2   1       0.60172462
   19   1   0       0.36498465
   19   2   1       0.61083357
   20   1   0       0.35745694
   20   2   1       0.59294268
   21   1   0       1.49815089
   21   2   1       2.78732903
   21   3   2       0.37320059
   22   1   0       1.49318355
   22   2   1       2.77325108
   22   3   2       0.37914209
   23   1   0       1.49330955
   23   2   1       2.77515952
   23   3   2       0.38483029
   24   1   0       1.51706997
   24   2   1       2.78437626
   24   3   2       0.38814154
   25   1   0       1.85221553
   25   2   1       4.16748345
   25   3   2       0.04121389
   26   1   0       1.85052502
   26   2   1       4.15054799
   26   3   2       0.04592010
   27   1   0       1.84896117
   27   2   1       4.13413674
   27   3   2       0.04509972
   28   1   0       1.84996721
   28   2   1       4.18612843
   28   3   2       0.04253966
   29   1   0       1.86429126
   29   2   1       4.20917781
   29   3   2       0.04171394
   30   1   0       1.84672269
   30   2   1       4.21090052
   30   3   2       0.03982816
   31   1   0       1.84915577
   31   2   1       4.13607710
   31   3   2       0.04446558
   32   1   0       1.84910186
   32   2   1       4.19547089
   32   3   2       0.04591382
   33   1   0       1.84650021
   33   2   1       4.16228288
   33   3   2       0.04608083
   34   1   0       1.84794960
   34   2   1       4.22127139
   34   3   2       0.04032291
   35   1   0       1.84315506
   35   2   1       4.20287798
   35   3   2       0.03877476
   36   1   0       1.85094420
   36   2   1       4.15343909
   36   3   2       0.04871600
   37   1   0       1.85581367
   37   2   1       4.19360820
   37   3   2       0.04668834
   38   1   0       1.87550399
   38   2   1       4.10286207
   38   3   2       0.07756288
   39   1   0       1.83937430
   39   2   1       3.85847208
   39   3   2       0.32996350
   40   1   0       1.85544435
   40   2   1       4.13807766
   40   3   2       0.04188267
   41   1   0       1.94152387
   41   2   1       5.22604291
   41   3   2       0.00819669
   42   1   0       1.94435484
   42   2   1       5.19208661
   42   3   2      -0.00959890
   43   1   0       1.94451562
   43   2   1       5.17934644
   43   3   2      -0.00771540
   44   1   0       1.94519742
   44   2   1       5.20824199
   44   3   2       0.01076469
   45   1   0       1.94538228
   45   2   1       5.17855744
   45   3   2      -0.00038809
   46   1   0       1.94459047
   46   2   1       5.19778514
   46   3   2      -0.00418602
   47   1   0       1.94254479
   47   2   1       5.18489972
   47   3   2      -0.01242529
   48   1   0       1.94276063
   48   2   1       5.19213483
   48   3   2      -0.00263921

Orbital populations (up)
 Atom Sh.   l   m       Population  Label
    1   1   0   0       0.37765346  s
    1   2   1  -1       0.22098052  p_y
    1   2   1   0       0.20187024  p_z
    1   2   1   1       0.21198958  p_x
    2   1   0   0       0.37073843  s
    2   2   1  -1       0.17302945  p_y
    2   2   1   0       0.23502081  p_z
    2   2   1   1       0.20763335  p_x
    3   1   0   0       0.36127345  s
    3   2   1  -1       0.20932223  p_y
    3   2   1   0       0.19996216  p_z
    3   2   1   1       0.20468808  p_x
    4   1   0   0       0.36151667  s
    4   2   1  -1       0.22404460  p_y
    4   2   1   0       0.17338914  p_z
    4   2   1   1       0.21373614  p_x
    5   1   0   0       0.36225744  s
    5   2   1  -1       0.19918140  p_y
    5   2   1   0       0.20011252  p_z
    5   2   1   1       0.21479580  p_x
    6   1   0   0       0.35879060  s
    6   2   1  -1       0.18661904  p_y
    6   2   1   0       0.22413307  p_z
    6   2   1   1       0.19891220  p_x
    7   1   0   0       0.35469522  s
    7   2   1  -1       0.20914549  p_y
    7   2   1   0       0.22054916  p_z
    7   2   1   1       0.17945040  p_x
    8   1   0   0       0.31608476  s
    8   2   1  -1       0.16611913  p_y
    8   2   1   0       0.18459299  p_z
    8   2   1   1       0.19427356  p_x
    9   1   0   0       0.36490294  s
    9   2   1  -1       0.20585163  p_y
    9   2   1   0       0.18912618  p_z
    9   2   1   1       0.20890136  p_x
   10   1   0   0       0.28546358  s
   10   2   1  -1       0.19813605  p_y
   10   2   1   0       0.16120264  p_z
   10   2   1   1       0.18232140  p_x
   11   1   0   0       0.37033475  s
   11   2   1  -1       0.20961600  p_y
   11   2   1   0       0.19060537  p_z
   11   2   1   1       0.19385774  p_x
   12   1   0   0       0.37072267  s
   12   2   1  -1       0.21197553  p_y
   12   2   1   0       0.20508666  p_z
   12   2   1   1       0.20298566  p_x
   13   1   0   0       0.38953698  s
   13   2   1  -1       0.16400141  p_y
   13   2   1   0       0.21515330  p_z
   13   2   1   1       0.24174694  p_x
   14   1   0   0       0.36110735  s
   14   2   1  -1       0.18960542  p_y
   14   2   1   0       0.20951562  p_z
   14   2   1   1       0.22111195  p_x
   15   1   0   0       0.30996027  s
   15   2   1  -1       0.18174878  p_y
   15   2   1   0       0.18628249  p_z
   15   2   1   1       0.16800482  p_x
   16   1   0   0       0.32463751  s
   16   2   1  -1       0.07348534  p_y
   16   2   1   0       0.35588794  p_z
   16   2   1   1       0.30855115  p_x
   17   1   0   0       0.34941952  s
   17   2   1  -1       0.18142129  p_y
   17   2   1   0       0.21321898  p_z
   17   2   1   1       0.19567806  p_x
   18   1   0   0       0.36008640  s
   18   2   1  -1       0.21612695  p_y
   18   2   1   0       0.16739988  p_z
   18   2   1   1       0.21819779  p_x
   19   1   0   0       0.36498465  s
   19   2   1  -1       0.20976732  p_y
   19   2   1   0       0.19577725  p_z
   19   2   1   1       0.20528899  p_x
   20   1   0   0       0.35745694  s
   20   2   1  -1       0.23375555  p_y
   20   2   1   0       0.19360158  p_z
   20   2   1   1       0.16558555  p_x
   21   1   0   0       1.49815089  s
   21   2   1  -1       0.92554912  p_y
   21   2   1   0       0.94170324  p_z
   21   2   1   1       0.92007667  p_x
   21   3   2  -2       0.08250899  d_xy
   21   3   2  -1       0.07005243  d_yz
   21   3   2   0       0.07486664  d_z2
   21   3   2   1       0.07463558  d_xz
   21   3   2   2       0.07113696  d_x2-y2
   22   1   0   0       1.49318355  s
   22   2   1  -1       0.91512695  p_y
   22   2   1   0       0.92489326  p_z
   22   2   1   1       0.93323087  p_x
   22   3   2  -2       0.07647322  d_xy
   22   3   2  -1       0.08237756  d_yz
   22   3   2   0       0.07333210  d_z2
   22   3   2   1       0.07035287  d_xz
   22   3   2   2       0.07660634  d_x2-y2
   23   1   0   0       1.49330955  s
   23   2   1  -1       0.93633274  p_y
   23   2   1   0       0.92340249  p_z
   23   2   1   1       0.91542429  p_x
   23   3   2  -2       0.07323802  d_xy
   23   3   2  -1       0.07244079  d_yz
   23   3   2   0       0.07022315  d_z2
   23   3   2   1       0.08831605  d_xz
   23   3   2   2       0.08061228  d_x2-y2
   24   1   0   0       1.51706997  s
   24   2   1  -1       0.94637488  p_y
   24   2   1   0       0.91428999  p_z
   24   2   1   1       0.92371139  p_x
   24   3   2  -2       0.06896063  d_xy
   24   3   2  -1       0.07572621  d_yz
   24   3   2   0       0.07777921  d_z2
   24   3   2   1       0.07869737  d_xz
   24   3   2   2       0.08697812  d_x2-y2
   25   1   0   0       1.85221553  s
   25   2   1  -1       1.36665480  p_y
   25   2   1   0       1.45538624  p_z
   25   2   1   1       1.34544241  p_x
   25   3   2  -2       0.00290238  d_xy
   25   3   2  -1       0.00898459  d_yz
   25   3   2   0       0.01225263  d_z2
   25   3   2   1       0.00813305  d_xz
   25   3   2   2       0.00894124  d_x2-y2
   26   1   0   0       1.85052502  s
   26   2   1  -1       1.40977953  p_y
   26   2   1   0       1.40009478  p_z
   26   2   1   1       1.34067368  p_x
   26   3   2  -2       0.00990998  d_xy
   26   3   2  -1       0.00616953  d_yz
   26   3   2   0       0.01011615  d_z2
   26   3   2   1       0.00848040  d_xz
   26   3   2   2       0.01124404  d_x2-y2
   27   1   0   0       1.84896117  s
   27   2   1  -1       1.36725892  p_y
   27   2   1   0       1.39293777  p_z
   27   2   1   1       1.37394005  p_x
   27   3   2  -2       0.00777586  d_xy
   27   3   2  -1       0.00915494  d_yz
   27   3   2   0       0.01054781  d_z2
   27   3   2   1       0.00614692  d_xz
   27   3   2   2       0.01147419  d_x2-y2
   28   1   0   0       1.84996721  s
   28   2   1  -1       1.39446757  p_y
   28   2   1   0       1.45147546  p_z
   28   2   1   1       1.34018540  p_x
   28   3   2  -2       0.00567637  d_xy
   28   3   2  -1       0.00876965  d_yz
   28   3   2   0       0.01063328  d_z2
   28   3   2   1       0.00606890  d_xz
   28   3   2   2       0.01139146  d_x2-y2
   29   1   0   0       1.86429126  s
   29   2   1  -1       1.35270799  p_y
   29   2   1   0       1.45851831  p_z
   29   2   1   1       1.39795152  p_x
   29   3   2  -2       0.00368393  d_xy
   29   3   2  -1       0.00846647  d_yz
   29   3   2   0       0.00989130  d_z2
   29   3   2   1       0.00975299  d_xz
   29   3   2   2       0.00991924  d_x2-y2
   30   1   0   0       1.84672269  s
   30   2   1  -1       1.35095493  p_y
   30   2   1   0       1.44979259  p_z
   30   2   1   1       1.41015300  p_x
   30   3   2  -2       0.00299761  d_xy
   30   3   2  -1       0.00894703  d_yz
   30   3   2   0       0.01120375  d_z2
   30   3   2   1       0.00812110  d_xz
   30   3   2   2       0.00855867  d_x2-y2
   31   1   0   0       1.84915577  s
   31   2   1  -1       1.37835969  p_y
   31   2   1   0       1.38773800  p_z
   31   2   1   1       1.36997941  p_x
   31   3   2  -2       0.00926290  d_xy
   31   3   2  -1       0.00541362  d_yz
   31   3   2   0       0.01111207  d_z2
   31   3   2   1       0.00793896  d_xz
   31   3   2   2       0.01073803  d_x2-y2
   32   1   0   0       1.84910186  s
   32   2   1  -1       1.43433406  p_y
   32   2   1   0       1.34516043  p_z
   32   2   1   1       1.41597640  p_x
   32   3   2  -2       0.01352501  d_xy
   32   3   2  -1       0.00404826  d_yz
   32   3   2   0       0.00946854  d_z2
   32   3   2   1       0.00651637  d_xz
   32   3   2   2       0.01235565  d_x2-y2
   33   1   0   0       1.84650021  s
   33   2   1  -1       1.52470827  p_y
   33   2   1   0       1.27297143  p_z
   33   2   1   1       1.36460318  p_x
   33   3   2  -2       0.00868949  d_xy
   33   3   2  -1       0.00764609  d_yz
   33   3   2   0       0.01165484  d_z2
   33   3   2   1       0.00590806  d_xz
   33   3   2   2       0.01218235  d_x2-y2
   34   1   0   0       1.84794960  s
   34   2   1  -1       1.35513716  p_y
   34   2   1   0       1.34290573  p_z
   34   2   1   1       1.52322850  p_x
   34   3   2  -2       0.01148928  d_xy
   34   3   2  -1       0.00534369  d_yz
   34   3   2   0       0.00956552  d_z2
   34   3   2   1       0.00418756  d_xz
   34   3   2   2       0.00973686  d_x2-y2
   35   1   0   0       1.84315506  s
   35   2   1  -1       1.48339043  p_y
   35   2   1   0       1.35766126  p_z
   35   2   1   1       1.36182629  p_x
   35   3   2  -2       0.01037533  d_xy
   35   3   2  -1       0.00820585  d_yz
   35   3   2   0       0.00817381  d_z2
   35   3   2   1       0.00073581  d_xz
   35   3   2   2       0.01128397  d_x2-y2
   36   1   0   0       1.85094420  s
   36   2   1  -1       1.35265757  p_y
   36   2   1   0       1.48336703  p_z
   36   2   1   1       1.31741449  p_x
   36   3   2  -2       0.00610941  d_xy
   36   3   2  -1       0.00806567  d_yz
   36   3   2   0       0.01188218  d_z2
   36   3   2   1       0.01209170  d_xz
   36   3   2   2       0.01056705  d_x2-y2
   37   1   0   0       1.85581367  s
   37   2   1  -1       1.26939810  p_y
   37   2   1   0       1.47291215  p_z
   37   2   1   1       1.45129794  p_x
   37   3   2  -2       0.00383375  d_xy
   37   3   2  -1       0.00835613  d_yz
   37   3   2   0       0.01105030  d_z2
   37   3   2   1       0.01230163  d_xz
   37   3   2   2       0.01114653  d_x2-y2
   38   1   0   0       1.87550399  s
   38   2   1  -1       1.32027305  p_y
   38   2   1   0       1.47591358  p_z
   38   2   1   1       1.30667544  p_x
   38   3   2  -2       0.01178174  d_xy
   38   3   2  -1       0.01033977  d_yz
   38   3   2   0       0.01177410  d_z2
   38   3   2   1       0.02706073  d_xz
   38   3   2   2       0.01660653  d_x2-y2
   39   1   0   0       1.83937430  s
   39   2   1  -1       1.26003026  p_y
   39   2   1   0       1.20802551  p_z
   39   2   1   1       1.39041631  p_x
   39   3   2  -2       0.05139890  d_xy
   39   3   2  -1       0.12449111  d_yz
   39   3   2   0       0.02992175  d_z2
   39   3   2   1       0.10802573  d_xz
   39   3   2   2       0.01612601  d_x2-y2
   40   1   0   0       1.85544435  s
   40   2   1  -1       1.44996577  p_y
   40   2   1   0       1.36799733  p_z
   40   2   1   1       1.32011455  p_x
   40   3   2  -2       0.00949654  d_xy
   40   3   2  -1       0.00446461  d_yz
   40   3   2   0       0.01099646  d_z2
   40   3   2   1       0.00679382  d_xz
   40   3   2   2       0.01013124  d_x2-y2
   41   1   0   0       1.94152387  s
   41   2   1  -1       1.73444144  p_y
   41   2   1   0       1.69738839  p_z
   41   2   1   1       1.79421308  p_x
   41   3   2  -2       0.00452472  d_xy
   41   3   2  -1      -0.00160939  d_yz
   41   3   2   0      -0.00240272  d_z2
   41   3   2   1       0.00354181  d_xz
   41   3   2   2       0.00414227  d_x2-y2
   42   1   0   0       1.94435484  s
   42   2   1  -1       1.75696354  p_y
   42   2   1   0       1.71731379  p_z
   42   2   1   1       1.71780928  p_x
   42   3   2  -2       0.00167410  d_xy
   42   3   2  -1       0.00363242  d_yz
   42   3   2   0      -0.01107699  d_z2
   42   3   2   1      -0.00119067  d_xz
   42   3   2   2      -0.00263777  d_x2-y2
   43   1   0   0       1.94451562  s
   43   2   1  -1       1.74397325  p_y
   43   2   1   0       1.74234647  p_z
   43   2   1   1       1.69302673  p_x
   43   3   2  -2      -0.00819017  d_xy
   43   3   2  -1       0.00427342  d_yz
   43   3   2   0       0.00086305  d_z2
   43   3   2   1      -0.00166504  d_xz
   43   3   2   2      -0.00299666  d_x2-y2
   44   1   0   0       1.94519742  s
   44   2   1  -1       1.73280580  p_y
   44   2   1   0       1.74601005  p_z
   44   2   1   1       1.72942614  p_x
   44   3   2  -2      -0.00187642  d_xy
   44   3   2  -1       0.00292480  d_yz
   44   3   2   0       0.00363007  d_z2
   44   3   2   1       0.00340872  d_xz
   44   3   2   2       0.00267752  d_x2-y2
   45   1   0   0       1.94538228  s
   45   2   1  -1       1.73817940  p_y
   45   2   1   0       1.74756747  p_z
   45   2   1   1       1.69281057  p_x
   45   3   2  -2      -0.00198098  d_xy
   45   3   2  -1       0.00250895  d_yz
   45   3   2   0       0.00037930  d_z2
   45   3   2   1      -0.00178791  d_xz
   45   3   2   2       0.00049254  d_x2-y2
   46   1   0   0       1.94459047  s
   46   2   1  -1       1.73562856  p_y
   46   2   1   0       1.72531015  p_z
   46   2   1   1       1.73684643  p_x
   46   3   2  -2       0.00396080  d_xy
   46   3   2  -1      -0.00601566  d_yz
   46   3   2   0      -0.00028703  d_z2
   46   3   2   1      -0.00075494  d_xz
   46   3   2   2      -0.00108919  d_x2-y2
   47   1   0   0       1.94254479  s
   47   2   1  -1       1.73447094  p_y
   47   2   1   0       1.73055815  p_z
   47   2   1   1       1.71987064  p_x
   47   3   2  -2       0.00005663  d_xy
   47   3   2  -1      -0.00174933  d_yz
   47   3   2   0      -0.00789066  d_z2
   47   3   2   1       0.00326018  d_xz
   47   3   2   2      -0.00610212  d_x2-y2
   48   1   0   0       1.94276063  s
   48   2   1  -1       1.74597786  p_y
   48   2   1   0       1.71518763  p_z
   48   2   1   1       1.73096934  p_x
   48   3   2  -2       0.00310307  d_xy
   48   3   2  -1      -0.00037703  d_yz
   48   3   2   0      -0.01062015  d_z2
   48   3   2   1       0.00216063  d_xz
   48   3   2   2       0.00309428  d_x2-y2

Fermi level:                        -0.1773005946 H           -4.8246 eV
Band energy:                       -73.3438243383 H        -1995.7870 eV
TS:                                  0.0000086638 H            0.0002 eV
Band free energy (E-TS):           -73.3438330020 H        -1995.7872 eV
Extrapolated E(0K):                -73.3438286701 H        -1995.7871 eV
Input / Output electrons (q):    192.0000000000    192.0000000000

Energy H0:                         -75.0075978507 H        -2041.0606 eV
Energy SCC:                          0.0384765157 H            1.0470 eV
Total Electronic energy:           -74.9691213350 H        -2040.0136 eV
Repulsive energy:                    5.0326757734 H          136.9461 eV
Total energy:                      -69.9364455616 H        -1903.0675 eV
Extrapolated to 0:                 -69.9364498935 H        -1903.0676 eV
Total Mermin free energy:          -69.9364542254 H        -1903.0677 eV
Force related energy:              -69.9364542254 H        -1903.0677 eV

Atom resolved electronic energies 
    1     -0.31749772 H       -8.639552 eV
    2     -0.30084374 H       -8.186375 eV
    3     -0.29960708 H       -8.152723 eV
    4     -0.29973729 H       -8.156267 eV
    5     -0.30215497 H       -8.222055 eV
    6     -0.29811631 H       -8.112158 eV
    7     -0.29475713 H       -8.020750 eV
    8     -0.27499962 H       -7.483121 eV
    9     -0.29881924 H       -8.131285 eV
   10     -0.25801350 H       -7.020904 eV
   11     -0.29678700 H       -8.075985 eV
   12     -0.30655656 H       -8.341828 eV
   13     -0.31145283 H       -8.475063 eV
   14     -0.29758753 H       -8.097769 eV
   15     -0.26903569 H       -7.320834 eV
   16     -0.27057115 H       -7.362616 eV
   17     -0.28574464 H       -7.775507 eV
   18     -0.29325909 H       -7.979986 eV
   19     -0.30432427 H       -8.281085 eV
   20     -0.29523126 H       -8.033651 eV
   21     -1.87365303 H      -50.984693 eV
   22     -1.87416489 H      -50.998621 eV
   23     -1.87483566 H      -51.016874 eV
   24     -1.90389023 H      -51.807489 eV
   25     -2.24628266 H      -61.124461 eV
   26     -2.24678351 H      -61.138090 eV
   27     -2.24474162 H      -61.082527 eV
   28     -2.24917300 H      -61.203111 eV
   29     -2.25109043 H      -61.255287 eV
   30     -2.24890882 H      -61.195923 eV
   31     -2.24614009 H      -61.120582 eV
   32     -2.24816789 H      -61.175761 eV
   33     -2.24443107 H      -61.074077 eV
   34     -2.25124142 H      -61.259396 eV
   35     -2.24227621 H      -61.015440 eV
   36     -2.24769146 H      -61.162797 eV
   37     -2.25131906 H      -61.261509 eV
   38     -2.24639684 H      -61.127568 eV
   39     -2.34407997 H      -63.785661 eV
   40     -2.24500507 H      -61.089696 eV
   41     -3.19420690 H      -86.918792 eV
   42     -3.18900401 H      -86.777214 eV
   43     -3.18498823 H      -86.667939 eV
   44     -3.19428662 H      -86.920961 eV
   45     -3.18647367 H      -86.708360 eV
   46     -3.19027915 H      -86.811913 eV
   47     -3.18490746 H      -86.665742 eV
   48     -3.18960577 H      -86.793589 eV

Atom resolved repulsive energies 
    1      0.01301045 H        0.354032 eV
    2      0.01346568 H        0.366420 eV
    3      0.00546668 H        0.148756 eV
    4      0.01005129 H        0.273509 eV
    5      0.01569288 H        0.427025 eV
    6      0.00746074 H        0.203017 eV
    7      0.01002155 H        0.272700 eV
    8      0.00337897 H        0.091946 eV
    9      0.00730678 H        0.198828 eV
   10      0.03216956 H        0.875378 eV
   11      0.01606070 H        0.437034 eV
   12      0.02216930 H        0.603257 eV
   13      0.01599653 H        0.435288 eV
   14      0.00538690 H        0.146585 eV
   15      0.00966079 H        0.262884 eV
   16      2.09884491 H       57.112476 eV
   17      0.00426457 H        0.116045 eV
   18      0.00510407 H        0.138889 eV
   19      0.01275787 H        0.347159 eV
   20      0.01092395 H        0.297256 eV
   21      0.05548015 H        1.509692 eV
   22      0.05604526 H        1.525069 eV
   23      0.05636483 H        1.533765 eV
   24      0.10832196 H        2.947591 eV
   25      0.01602686 H        0.436113 eV
   26      0.01936704 H        0.527004 eV
   27      0.02079961 H        0.565986 eV
   28      0.02167477 H        0.589800 eV
   29      0.01575703 H        0.428771 eV
   30      0.02487461 H        0.676873 eV
   31      0.02042398 H        0.555765 eV
   32      0.02658446 H        0.723400 eV
   33      0.02298607 H        0.625483 eV
   34      0.02242224 H        0.610140 eV
   35      0.02169749 H        0.590419 eV
   36      0.02257079 H        0.614182 eV
   37      0.02073884 H        0.564332 eV
   38      0.02586366 H        0.703786 eV
   39      2.03356585 H       55.336142 eV
   40      0.02572001 H        0.699877 eV
   41      0.01557521 H        0.423823 eV
   42      0.00519587 H        0.141387 eV
   43      0.00700439 H        0.190599 eV
   44      0.00644941 H        0.175497 eV
   45      0.00528893 H        0.143919 eV
   46      0.00538187 H        0.146448 eV
   47      0.01443964 H        0.392923 eV
   48      0.01686075 H        0.458804 eV

Atom resolved total energies 
    1     -0.30448726 H       -8.285520 eV
    2     -0.28737806 H       -7.819955 eV
    3     -0.29414040 H       -8.003967 eV
    4     -0.28968600 H       -7.882757 eV
    5     -0.28646208 H       -7.795030 eV
    6     -0.29065557 H       -7.909140 eV
    7     -0.28473557 H       -7.748049 eV
    8     -0.27162065 H       -7.391174 eV
    9     -0.29151246 H       -7.932458 eV
   10     -0.22584394 H       -6.145526 eV
   11     -0.28072630 H       -7.638951 eV
   12     -0.28438726 H       -7.738571 eV
   13     -0.29545631 H       -8.039775 eV
   14     -0.29220064 H       -7.951184 eV
   15     -0.25937490 H       -7.057950 eV
   16      1.82827376 H       49.749860 eV
   17     -0.28148007 H       -7.659462 eV
   18     -0.28815502 H       -7.841097 eV
   19     -0.29156640 H       -7.933925 eV
   20     -0.28430731 H       -7.736396 eV
   21     -1.81817288 H      -49.475001 eV
   22     -1.81811963 H      -49.473552 eV
   23     -1.81847083 H      -49.483109 eV
   24     -1.79556827 H      -48.859899 eV
   25     -2.23025580 H      -60.688348 eV
   26     -2.22741647 H      -60.611086 eV
   27     -2.22394201 H      -60.516541 eV
   28     -2.22749823 H      -60.613311 eV
   29     -2.23533339 H      -60.826516 eV
   30     -2.22403421 H      -60.519050 eV
   31     -2.22571611 H      -60.564817 eV
   32     -2.22158342 H      -60.452361 eV
   33     -2.22144500 H      -60.448594 eV
   34     -2.22881918 H      -60.649256 eV
   35     -2.22057872 H      -60.425021 eV
   36     -2.22512068 H      -60.548614 eV
   37     -2.23058022 H      -60.697176 eV
   38     -2.22053318 H      -60.423782 eV
   39     -0.31051412 H       -8.449519 eV
   40     -2.21928506 H      -60.389819 eV
   41     -3.17863168 H      -86.494969 eV
   42     -3.18380814 H      -86.635827 eV
   43     -3.17798383 H      -86.477340 eV
   44     -3.18783721 H      -86.745464 eV
   45     -3.18118475 H      -86.564441 eV
   46     -3.18489728 H      -86.665465 eV
   47     -3.17046782 H      -86.272819 eV
   48     -3.17274502 H      -86.334785 eV

SCC converged

Total Forces
    1     -0.004809765187     -0.035713956057     -0.035128278181
    2     -0.047917554686     -0.041952239394      0.030455084582
    3     -0.030740031588      0.004032831805     -0.032850686287
    4     -0.028544459521      0.016647973729     -0.054287706710
    5     -0.014852603533     -0.039109425966      0.053174646712
    6     -0.015424030282      0.010109660543     -0.053924388746
    7      0.058042408743      0.008777904784     -0.039476234115
    8     -0.015219438350      0.002383994141      0.004091376868
    9      0.015386124152      0.042626776640      0.016907117707
   10     -0.044503582375     -0.009540267037     -0.026978184146
   11     -0.004834180307      0.076520700033      0.036256658583
   12      0.000839629160     -0.039588482987     -0.044595607911
   13      0.023971455478      0.031355032028      0.003157681898
   14      0.011215711737     -0.015462758133      0.031453590953
   15     -0.040246978762     -0.009051443202      0.062463583357
   16      5.356777602600     -6.568570826082      8.715248334811
   17      0.015148172241     -0.011670243544     -0.012937215658
   18      0.013041999174      0.032750629570      0.021655049516
   19     -0.050445690786     -0.027628203516      0.034483665373
   20      0.051364174238      0.016523188484      0.003953511966
   21      0.005554451324     -0.000469902261     -0.000617140565
   22      0.011177713850      0.003621337817     -0.004643481495
   23     -0.004370292744      0.001576745379     -0.004400430362
   24      0.043418725356      0.208495272032      0.039219998108
   25      0.007198310013     -0.022460742462      0.010690495853
   26     -0.034348761648     -0.007035672623     -0.027634814267
   27     -0.027564121191     -0.002916939049      0.036456345816
   28      0.055167948750     -0.007902395987      0.046734274133
   29     -0.003410402838      0.023789054314     -0.007385607458
   30     -0.066598761910     -0.031783660013      0.012316564705
   31     -0.027690265931     -0.003499079402      0.039386408285
   32      0.037382260714      0.046461404314     -0.029138701017
   33      0.004185345435     -0.035910568544      0.021746182936
   34      0.039759514850     -0.029090912257      0.014168414966
   35     -0.026908004259      0.011831585883      0.038288204857
   36      0.062900922497      0.069630146420      0.003490453407
   37     -0.025326276315     -0.015872372984     -0.047260295877
   38      0.042094900115      0.049855661378      0.070158041741
   39     -5.319075605922      6.285928003980     -8.845700416391
   40     -0.030415029499     -0.087305121120      0.000500872753
   41     -0.007973189740      0.088600758114     -0.061200075680
   42     -0.008801989579     -0.006921502562      0.018450430180
   43      0.048190952455      0.006912734515      0.018690624731
   44     -0.006941876091     -0.048821504671      0.032680446062
   45      0.032458005390      0.001553905744     -0.039204222600
   46     -0.023463140337      0.023088073053     -0.001571302957
   47     -0.082442907919      0.025438131156      0.060850307743
   48      0.057592613024      0.009766714000     -0.108193578178

Total stress tensor
      0.001421407446     -0.001091268220      0.001587847925
     -0.001091267823      0.001860657895     -0.001788681637
      0.001587849125     -0.001788682383      0.003129242227

Total lattice derivs
     -0.497291614431      0.381789567897     -0.555522246861
      0.381789429213     -0.650967160053      0.625785647356
     -0.555522666436      0.625785908465     -1.094792294177

Maximal derivative component:        0.884570E+01 au

Volume:                              0.654393E+04 au^3
Pressure:                            0.213710E-02 au     0.628757E+11 Pa

Warning: dipole moment is not defined absolutely!
Dipole moment:   -5.82603445    0.44563583   -1.46907034 au
Dipole moment:  -14.80830368    1.13269339   -3.73400465 Debye


